40,0,2,1,14,1,2,?,?,4,4,3,5,5,3,4,4,3,3,2,2,3,3,3,1,2,4,2,4,4,4,3,1,1,2,4,1,1,3,4,1,2,3,5,5,5,5,4,4,4,1,2,0
42,0,5,1,18,1,2,?,?,2,3,3,4,4,3,3,4,4,4,3,3,2,3,3,1,1,2,1,4,4,4,2,2,1,1,2,1,1,1,4,3,2,2,4,4,3,4,2,2,4,2,4,0
37,0,4,1,13,1,3,?,?,2,2,2,4,4,3,3,3,2,2,2,5,3,2,3,2,2,4,3,4,2,4,1,1,1,1,1,3,3,3,4,3,1,1,5,3,5,5,2,2,2,1,3,0
40,0,4,0,13,1,3,?,?,3,3,4,3,3,3,4,3,3,4,3,3,3,3,4,3,2,2,3,5,5,5,3,3,3,3,3,4,4,4,5,4,3,3,3,4,4,3,4,4,3,3,4,0
51,0,6,0,8,1,3,?,?,4,3,5,5,4,3,4,4,4,5,4,3,4,4,4,4,3,2,3,5,5,5,3,3,5,5,5,5,5,5,3,3,5,5,5,5,4,4,5,5,5,4,4,1
47,0,4,0,17,1,3,?,?,2,2,3,5,4,3,3,3,3,3,3,4,4,3,4,4,3,5,3,5,5,5,2,1,3,2,4,4,3,2,4,1,4,4,5,3,2,4,4,3,4,1,4,0
43,0,4,0,11,1,3,?,?,4,4,4,5,?,5,5,5,4,4,4,2,4,4,4,4,3,5,3,5,5,5,3,4,4,3,5,4,3,3,5,4,3,4,4,4,4,1,4,5,5,2,2,0
55,0,6,0,12,1,3,?,?,4,4,5,4,3,4,4,3,3,3,3,3,4,3,3,4,4,5,4,5,5,5,1,2,3,3,4,4,3,4,4,4,3,4,3,3,3,3,4,4,3,1,4,0
54,0,1,1,14,1,2,?,?,4,4,5,4,5,4,5,5,4,4,2,5,3,4,3,4,3,3,3,5,5,4,1,1,4,4,5,1,2,3,3,2,4,3,5,5,4,2,5,5,5,1,1,0
50,0,4,1,25,1,2,?,?,4,4,4,5,5,?,5,4,4,4,4,2,3,3,?,3,3,5,3,4,5,5,4,1,5,4,5,2,2,4,4,4,5,5,5,5,5,5,4,5,2,1,1,0
40,0,4,1,13,1,2,?,?,3,3,4,5,4,4,5,4,3,4,3,3,2,3,4,2,2,4,3,5,4,5,2,3,4,3,4,1,2,4,4,3,3,4,3,3,2,4,4,4,4,1,2,1
48,0,6,0,25,1,3,?,?,5,4,3,5,5,3,5,5,3,5,4,2,3,4,3,1,1,1,3,2,2,3,1,1,1,1,1,1,1,1,1,1,2,2,3,4,4,5,4,4,5,1,1,0
38,0,6,1,15,1,2,?,?,4,5,5,5,4,3,4,4,4,4,2,2,4,3,4,4,3,4,3,4,2,4,5,5,4,4,4,3,5,5,4,2,4,4,4,5,5,5,4,4,5,1,3,0
56,0,6,1,13,1,3,?,?,1,1,1,2,1,3,2,2,2,2,?,4,2,2,3,1,2,2,2,1,1,1,2,2,1,1,2,1,1,1,1,2,1,1,1,2,2,3,1,1,1,2,1,1
44,0,4,1,15,1,2,?,?,4,4,4,3,4,4,5,5,4,5,4,2,4,4,3,4,3,3,3,5,5,4,3,2,4,4,4,4,5,5,4,3,5,5,4,4,4,4,4,4,5,4,4,1
39,0,6,1,12,1,2,?,?,3,3,3,5,4,?,3,4,3,4,2,4,3,2,3,1,4,5,4,5,5,5,1,1,2,2,3,2,3,3,4,3,1,1,4,5,2,1,2,2,2,1,1,0
40,0,4,1,18,1,2,?,?,4,4,5,5,4,4,4,5,4,4,5,2,4,4,4,2,3,5,5,5,4,4,1,1,4,4,5,4,5,5,4,3,4,4,4,3,3,4,5,4,5,1,5,1
51,0,6,1,20,1,2,?,?,4,4,4,5,4,4,5,5,4,4,4,3,3,3,3,2,3,3,2,4,5,4,2,2,2,2,4,5,5,3,4,3,3,3,4,4,4,4,4,5,5,2,4,0
39,0,4,0,12,1,4,?,?,5,4,4,4,4,4,5,4,4,4,4,2,5,4,4,3,3,4,3,5,5,5,3,2,4,4,4,5,5,4,3,2,4,4,5,5,4,5,4,5,5,3,3,1
33,0,6,1,5,1,2,?,?,2,2,5,5,5,3,4,4,4,5,4,4,4,3,3,1,2,2,2,5,5,3,1,1,1,1,4,3,3,3,3,3,3,3,2,4,2,3,2,4,4,1,2,0
36,0,6,1,10,1,3,?,?,4,2,5,5,5,?,5,5,5,5,5,4,4,2,4,5,4,4,4,5,5,5,4,5,5,5,5,5,3,5,5,5,5,5,5,4,4,2,5,5,5,1,5,0
45,0,6,1,15,1,2,?,?,2,2,3,4,4,3,3,4,4,4,3,2,2,2,2,1,2,3,2,3,2,2,1,1,1,1,4,1,1,1,4,3,2,2,3,4,3,2,3,3,2,1,2,0
38,0,1,0,10,1,4,?,?,3,2,3,5,4,3,4,4,4,3,2,4,4,4,3,1,2,2,3,4,4,4,2,1,1,1,4,1,2,1,5,4,3,3,5,4,4,3,3,4,4,1,3,0
38,0,3,1,15,1,2,?,?,4,4,4,5,5,5,5,5,4,4,3,3,3,4,3,3,2,3,3,4,3,4,4,4,4,3,4,2,3,4,5,5,4,4,5,4,5,4,2,4,4,4,2,1
38,0,5,1,14,1,2,?,?,3,2,3,4,4,4,4,4,3,5,3,4,3,2,2,2,2,2,2,4,2,4,2,1,2,3,3,3,1,2,5,4,3,3,5,5,3,2,3,4,4,2,2,1
40,0,6,0,9,1,4,?,?,5,5,5,4,4,3,4,4,3,3,3,3,4,4,4,3,4,4,4,5,5,5,3,4,3,3,4,3,4,4,5,4,4,4,5,4,4,4,4,5,2,4,4,0
33,0,5,1,6,1,2,?,?,2,3,2,5,5,?,5,5,4,5,3,4,3,?,?,2,2,3,2,3,4,4,2,2,2,2,2,2,3,3,5,3,3,3,4,3,4,3,2,3,5,1,1,0
38,0,1,1,5,1,3,?,?,3,3,4,4,4,3,4,3,3,3,3,3,3,4,3,1,4,4,3,5,5,5,2,1,3,1,4,1,1,1,4,2,3,4,5,5,4,4,3,3,4,2,1,0
35,0,6,0,10,1,3,?,?,4,3,4,4,3,4,3,3,3,3,4,4,3,4,4,4,4,4,3,4,4,3,3,4,3,4,3,4,4,4,4,3,3,3,4,4,3,4,3,3,4,3,3,0
39,0,4,1,10,1,3,?,?,2,3,3,4,4,4,5,5,2,4,2,3,3,2,2,1,2,2,2,2,3,3,2,1,2,2,2,3,3,4,2,2,3,2,4,4,4,4,4,5,5,1,4,0
37,0,6,1,15,1,2,?,?,3,3,3,4,4,3,3,3,2,2,2,2,2,2,2,2,2,2,2,2,2,2,1,1,3,2,2,1,3,2,3,3,2,2,3,3,3,3,2,2,3,1,3,0
43,0,1,1,12,1,2,?,?,4,4,4,5,5,3,4,4,4,4,4,2,5,5,5,5,2,1,3,5,5,5,5,4,5,5,5,3,2,5,5,2,5,5,3,3,4,5,5,5,5,2,2,1
41,0,6,1,10,1,3,?,?,4,4,5,3,3,3,3,3,4,4,3,3,4,3,4,4,3,4,2,5,5,5,2,1,3,4,4,4,4,4,5,2,4,4,4,3,3,3,5,5,5,2,4,0
38,0,4,1,14,1,2,?,?,4,4,4,5,4,3,4,4,4,4,3,3,4,4,3,4,3,4,3,5,4,5,3,3,4,4,4,4,3,3,5,3,4,5,4,4,3,3,4,4,4,3,4,1
51,0,6,0,?,1,3,?,?,4,4,4,4,4,4,4,4,3,4,3,2,3,2,3,3,2,3,4,5,4,5,2,1,4,4,4,2,3,4,4,4,4,4,4,4,3,3,3,3,3,1,5,0
49,0,6,1,10,1,2,?,?,3,3,4,5,4,5,4,4,4,3,4,?,4,4,4,2,4,3,4,5,5,5,2,2,3,3,4,4,4,3,5,4,4,4,5,4,4,4,4,4,4,1,2,0
43,0,6,0,9,1,4,?,?,2,2,2,4,2,2,2,2,2,2,2,4,2,2,2,1,2,2,2,3,2,4,1,1,2,2,2,2,2,1,3,3,2,2,3,3,2,2,2,2,2,1,2,0
38,0,1,1,12,1,2,?,?,3,2,3,5,4,3,4,4,3,4,3,5,2,3,3,1,3,3,3,4,5,3,2,1,3,3,3,4,3,3,4,4,3,3,4,4,4,2,2,3,4,1,3,0
43,0,6,1,14,1,2,?,?,3,4,5,4,3,3,4,3,3,4,3,4,3,3,3,2,2,3,3,5,5,5,2,2,4,4,4,3,4,3,4,4,4,4,5,4,4,4,4,5,5,1,2,0
35,0,6,1,8,1,5,?,?,2,2,2,5,4,?,4,4,3,4,4,3,2,2,?,1,1,1,?,4,3,4,2,1,2,?,1,5,2,?,5,4,1,1,4,4,4,?,4,4,4,1,4,?
37,0,1,1,9,1,2,?,?,3,2,3,4,3,3,4,3,2,2,2,4,1,3,3,1,2,3,3,3,4,3,1,1,2,2,2,3,2,3,3,3,2,2,3,3,3,3,2,2,4,1,2,0
46,0,6,1,18,1,3,?,?,3,3,3,4,4,3,4,4,3,4,2,5,2,3,3,1,2,4,2,4,5,5,2,3,2,1,4,2,3,2,4,5,3,2,4,3,4,4,2,2,4,1,3,0
36,0,5,1,14,1,2,?,?,3,3,3,4,?,2,3,5,2,2,1,5,1,2,1,1,1,5,2,5,5,5,1,1,1,1,1,1,1,1,5,5,1,2,5,1,1,5,1,1,2,1,2,0
39,0,1,1,10,1,2,?,?,3,3,4,4,4,?,4,3,4,4,4,2,4,?,?,3,2,2,3,4,4,4,4,4,4,4,4,2,2,2,4,2,4,4,4,2,2,4,4,4,2,1,?,0
35,0,4,1,7,1,2,?,?,4,4,4,3,4,3,4,4,2,3,3,3,3,2,3,2,3,4,2,5,2,4,2,3,3,3,3,4,4,4,4,1,3,3,4,3,3,3,4,3,4,3,3,0
33,0,6,1,7,1,2,?,?,3,3,3,4,4,3,3,4,4,4,3,3,4,3,3,1,3,3,3,4,4,4,1,1,2,2,3,1,3,2,4,3,3,3,4,3,3,3,2,2,3,1,3,0
33,0,6,0,5,1,4,?,?,5,4,5,4,5,3,4,3,4,5,5,4,?,3,3,1,3,5,3,5,5,4,1,1,1,1,3,1,1,3,5,3,3,3,2,2,1,2,2,2,4,1,2,0
34,0,4,1,11,1,2,?,?,3,4,4,5,5,4,5,4,4,4,3,4,4,3,2,2,4,4,4,4,4,4,4,4,4,4,3,2,2,2,4,3,4,3,4,4,?,4,4,4,4,1,2,0
59,0,2,1,36,1,1,?,?,4,4,4,4,4,3,4,3,4,4,3,3,5,4,3,3,3,3,3,5,5,5,4,3,4,4,4,4,2,4,4,2,4,4,4,3,3,5,4,4,4,1,2,0
36,0,4,1,9,1,2,?,?,3,3,4,5,4,3,4,4,2,1,1,3,3,4,4,2,3,5,3,5,5,5,1,1,2,2,3,1,2,2,5,2,3,3,4,2,1,4,2,2,3,1,2,0
34,0,4,1,7,1,2,?,?,3,3,3,5,5,4,2,4,2,4,2,3,2,2,4,1,3,4,3,4,4,4,1,1,3,3,4,1,2,1,4,1,2,2,4,2,4,2,2,2,2,1,5,0
41,0,6,1,15,1,3,?,?,3,3,2,4,4,2,3,4,2,3,3,4,2,4,3,2,2,4,3,4,4,4,2,2,2,2,3,3,4,3,4,4,2,2,4,4,3,2,2,2,2,1,4,0
43,0,5,0,19,1,4,?,?,2,3,3,4,4,2,4,4,3,3,2,2,3,2,2,1,2,2,2,4,4,4,2,2,2,2,3,2,2,3,4,3,2,2,3,3,3,3,2,3,3,1,1,0
43,0,3,0,4,1,4,?,?,2,2,2,3,2,3,4,2,2,2,2,3,2,2,2,2,2,2,2,3,3,3,1,1,2,2,2,2,3,1,4,4,2,2,3,3,3,3,2,2,2,1,2,0
32,0,4,1,8,1,2,?,?,3,4,4,5,4,4,5,5,4,4,4,3,5,4,4,1,3,5,4,5,5,5,2,1,2,2,5,2,1,4,3,3,3,3,4,4,3,4,4,5,5,1,4,0
32,0,4,0,7,1,4,?,?,4,3,3,5,4,3,5,5,3,4,2,5,4,3,4,1,3,5,2,5,4,4,1,1,1,1,2,1,1,1,4,1,2,2,2,5,1,5,1,2,4,1,1,0
52,0,1,1,10,1,3,?,?,2,2,4,5,4,2,3,4,4,4,2,4,1,2,4,1,2,4,3,4,4,2,1,1,4,3,4,1,1,1,4,3,2,4,4,5,3,3,4,5,5,2,3,1
31,0,6,1,10,1,3,?,?,4,5,4,5,5,4,5,5,4,4,3,2,4,4,3,2,3,4,4,5,4,5,3,4,4,5,4,1,2,2,4,4,5,4,5,4,4,5,5,5,5,1,2,0
37,0,6,1,11,1,3,?,?,2,3,3,4,4,3,3,3,2,3,2,4,3,3,3,1,2,4,2,5,5,5,2,1,2,2,3,1,1,3,4,4,3,3,3,5,2,3,2,2,2,1,1,0
33,0,4,1,5,1,3,?,?,2,3,4,3,4,3,4,4,4,4,3,2,3,2,3,2,2,4,2,3,4,4,2,1,2,3,2,2,1,2,3,1,2,3,5,5,5,5,4,4,4,1,3,0
32,0,1,0,2,1,5,?,?,4,4,5,4,4,5,5,4,3,5,3,2,4,3,3,4,4,5,4,5,5,5,3,3,4,4,4,5,1,3,5,5,3,4,5,2,2,4,4,5,3,2,4,0
52,0,6,1,23,1,2,?,?,3,3,3,5,4,4,3,4,4,4,3,3,3,4,4,1,2,3,2,4,5,5,2,3,3,3,4,4,3,4,2,2,3,3,4,4,4,4,3,3,4,2,5,1
62,0,1,1,17,1,2,?,?,4,4,5,5,4,4,3,3,5,5,3,3,4,2,3,5,2,2,2,4,4,4,4,5,5,4,4,5,4,4,3,2,4,5,3,5,3,4,5,5,3,4,4,1
50,0,1,0,15,1,3,?,?,3,2,3,4,4,3,4,4,3,2,3,4,4,4,3,3,3,?,2,4,4,4,3,2,4,4,4,2,2,2,4,2,4,4,5,5,3,3,4,5,2,1,2,0
42,0,6,1,20,1,2,?,?,4,3,4,4,3,4,5,5,3,4,3,4,3,4,4,2,2,2,2,4,4,4,3,3,4,3,4,4,4,4,3,2,4,4,4,3,3,4,3,4,4,2,2,0
43,0,6,1,20,1,2,?,?,5,4,5,4,3,2,4,4,3,4,3,2,4,2,3,3,2,4,3,4,4,5,2,1,4,4,5,1,1,1,4,3,4,5,3,4,3,3,4,4,4,1,1,0
44,0,6,1,17,1,2,?,?,3,4,4,4,4,3,4,4,4,4,4,2,4,3,3,2,3,4,3,4,4,5,1,1,1,1,3,1,1,1,4,3,3,3,4,4,4,3,2,2,4,1,3,0
41,0,4,1,?,1,3,?,?,4,4,4,2,3,1,4,3,4,4,4,2,4,3,3,4,4,4,4,4,4,4,4,4,4,4,4,3,4,4,4,1,4,4,3,3,3,5,4,4,4,1,4,0
50,0,1,1,23,1,2,?,?,5,5,5,5,5,4,5,5,4,4,4,2,5,5,3,4,2,2,4,5,4,4,3,4,4,4,4,3,1,4,2,2,5,5,5,4,3,4,4,5,4,2,4,1
48,0,1,1,16,1,2,?,?,5,5,5,4,4,4,4,4,4,4,3,2,3,4,3,1,4,3,4,5,5,5,1,4,4,4,4,5,5,3,5,5,5,5,5,5,1,1,5,5,5,1,4,0
47,0,6,1,17,1,2,?,?,5,4,4,4,4,4,4,4,4,4,3,2,3,3,4,2,3,3,4,4,4,4,2,1,2,2,4,2,3,3,4,2,3,4,4,5,4,3,3,4,4,1,2,0
51,0,1,1,13,1,2,?,?,3,2,2,2,2,?,3,2,5,4,2,3,4,?,?,2,2,3,?,4,5,5,3,3,4,?,4,4,1,2,4,2,4,4,5,5,5,4,4,5,5,1,1,0
46,0,5,1,13,1,2,?,?,?,?,?,5,4,3,4,4,3,3,2,5,3,?,?,1,2,5,?,5,5,4,1,1,1,2,3,3,4,4,?,?,?,?,4,4,4,?,2,?,4,2,1,1
42,0,3,1,12,1,3,?,?,2,3,4,3,4,3,4,4,3,3,3,3,4,3,4,2,2,4,3,4,5,5,2,1,2,2,3,1,4,3,5,5,1,2,1,1,2,1,3,4,4,1,2,0
44,0,4,1,17,1,2,?,?,2,4,4,4,4,?,3,?,4,4,4,2,?,?,?,3,?,?,?,4,?,?,3,?,3,?,4,1,1,1,?,?,2,?,1,1,1,1,4,4,4,1,4,0
53,1,1,1,6,1,2,?,?,2,2,2,4,4,3,3,3,2,4,2,3,2,2,3,1,1,1,1,3,3,3,1,1,2,2,3,3,3,2,5,5,3,2,5,5,5,5,2,4,4,1,3,0
39,1,6,1,16,1,2,?,?,2,4,3,4,4,?,4,4,3,3,4,4,3,?,?,1,2,?,?,4,4,4,2,1,?,?,4,1,3,2,5,2,?,3,4,3,?,4,3,2,2,1,1,0
42,1,6,0,17,1,3,?,?,2,3,3,4,3,3,3,4,3,3,3,4,2,3,3,1,2,4,3,4,4,4,2,2,2,2,3,1,2,3,4,4,3,3,4,4,4,4,3,3,4,2,2,0
46,1,4,1,15,1,3,?,?,4,1,4,5,4,4,1,4,2,2,1,2,1,?,3,1,1,3,?,5,2,3,1,1,1,1,2,2,2,3,2,2,2,2,4,4,4,?,3,4,3,1,2,0
47,1,6,0,20,1,3,?,?,3,3,3,5,4,5,4,4,4,4,4,3,3,3,5,1,2,3,2,4,5,4,1,1,1,1,3,1,1,1,3,3,2,2,4,3,3,1,1,1,4,1,1,0
39,1,6,1,18,1,3,?,?,2,3,2,4,4,2,3,2,4,3,3,4,3,3,2,1,2,2,1,4,4,5,1,1,1,1,3,4,4,3,3,2,2,3,2,5,4,4,2,3,3,1,1,0
38,1,1,1,12,1,3,?,?,3,4,3,5,?,2,4,4,4,4,3,3,3,3,2,2,2,3,3,4,4,4,3,2,3,3,3,3,2,1,3,2,3,3,5,5,5,5,4,4,2,2,3,0
43,1,6,0,14,1,2,?,?,3,2,2,4,4,3,4,4,3,3,4,2,3,3,3,1,2,4,3,5,5,5,1,1,1,1,3,1,2,2,5,3,3,3,3,5,3,5,2,3,5,1,4,0
42,1,6,0,3,1,4,?,?,2,2,2,5,3,5,5,5,2,3,2,2,2,2,5,1,2,4,1,5,5,4,1,1,1,1,2,2,3,3,5,5,3,3,4,4,4,4,2,2,2,1,5,0
46,1,4,1,16,1,3,?,?,3,3,3,4,4,3,4,3,3,4,3,3,3,2,3,2,2,4,3,4,3,4,3,2,3,2,3,2,2,3,4,2,4,4,4,4,4,4,4,3,4,2,3,0
40,1,6,1,12,1,3,?,?,3,3,3,4,4,4,4,4,3,3,3,2,4,4,3,2,2,3,2,5,5,5,2,2,3,3,4,3,3,3,4,3,4,4,4,4,3,3,4,5,5,2,4,0
48,1,1,1,16,1,2,?,?,3,3,3,5,5,2,4,3,3,3,3,4,2,2,4,2,3,3,3,5,4,4,3,3,4,1,3,1,1,1,3,2,2,4,4,1,1,5,4,5,4,1,3,0
36,1,6,1,10,1,2,?,?,2,1,3,5,5,4,3,3,4,4,4,3,4,3,3,2,3,4,4,4,4,4,3,2,4,4,4,3,2,3,4,4,4,4,3,3,3,3,4,5,5,2,2,0
37,1,6,1,10,1,2,?,?,4,3,3,5,5,4,4,4,4,4,4,5,3,2,4,1,2,2,4,5,5,5,2,2,3,3,4,2,4,2,4,1,3,3,2,4,2,1,3,3,4,2,5,1
50,1,4,1,20,1,2,?,?,2,2,2,5,4,5,3,?,3,3,3,5,3,1,1,2,3,5,5,5,5,5,1,1,1,1,5,1,3,1,5,1,3,3,3,3,3,3,2,4,5,1,2,0
43,1,4,1,16,1,3,?,?,4,4,4,4,3,3,4,4,4,4,4,3,4,4,4,3,4,4,3,4,4,4,4,4,4,4,4,2,2,2,4,4,4,4,4,4,4,4,4,4,3,3,4,1
49,1,6,1,25,1,2,?,?,3,3,3,4,5,3,3,3,4,4,2,2,3,3,3,2,2,2,4,4,4,4,3,2,3,3,2,2,2,2,4,3,3,3,4,4,4,4,4,4,4,2,2,0
35,1,6,1,11,1,3,?,?,2,3,3,5,3,?,3,4,3,3,1,?,3,1,?,1,1,4,4,3,3,5,1,1,1,2,1,1,2,1,4,3,1,1,?,?,3,1,3,3,3,1,2,0
46,1,3,1,22,1,2,?,?,4,3,3,3,5,3,3,2,4,4,2,3,5,4,3,1,2,4,4,2,2,2,1,3,1,1,4,1,1,1,5,4,3,2,4,5,4,4,1,4,4,1,4,0
40,1,6,1,15,1,2,?,?,4,4,4,2,5,3,3,4,3,4,3,3,5,5,5,3,3,3,5,5,4,5,4,4,5,4,5,2,5,4,4,4,5,5,5,5,5,5,4,4,4,2,5,0
35,1,6,0,6,1,3,?,?,3,3,4,5,5,?,5,5,4,5,4,3,4,?,?,1,?,5,?,5,5,5,2,1,1,1,3,1,1,1,5,5,3,3,5,4,5,5,4,4,5,1,1,0
41,1,6,1,18,1,2,?,?,2,2,3,4,3,4,4,2,2,2,2,2,2,2,2,2,2,4,2,2,5,3,2,?,2,2,2,2,2,2,4,3,3,2,2,2,2,2,4,4,3,2,3,0
41,1,6,1,15,1,2,?,?,4,3,4,4,4,2,4,3,2,3,2,4,3,2,2,1,2,2,2,4,4,4,1,1,2,1,3,2,2,2,3,3,2,2,4,4,4,2,2,4,4,1,3,0
55,1,1,1,9,1,2,?,?,4,4,4,4,4,4,3,3,3,3,3,2,3,4,3,1,3,2,3,4,4,5,4,2,4,2,4,2,1,2,4,4,4,4,5,5,5,5,4,4,4,3,5,1
45,1,5,0,17,1,4,?,?,2,2,3,4,4,3,3,3,3,3,2,3,3,3,3,1,2,2,2,3,3,3,1,1,1,1,2,?,2,2,4,4,2,2,4,4,4,4,2,3,3,1,3,0
45,1,1,1,18,1,2,?,?,2,2,3,5,5,4,4,5,4,3,3,4,4,4,?,2,1,2,3,5,5,5,2,2,2,2,4,2,3,3,5,2,3,3,5,5,5,5,2,4,5,1,1,0
37,1,6,1,9,1,2,?,?,4,3,3,3,5,4,3,4,4,4,3,3,3,5,4,4,4,4,4,5,5,5,3,1,3,3,4,3,4,4,5,4,4,4,5,5,4,5,4,4,4,1,4,0
35,1,6,0,11,1,4,?,?,2,2,2,5,3,3,?,3,2,2,3,4,1,2,3,1,1,4,1,4,4,2,1,1,1,2,1,1,2,4,3,3,2,1,5,4,4,4,1,1,2,1,1,0
33,1,5,0,10,1,4,?,?,2,3,3,4,4,3,4,4,3,3,3,2,2,3,3,1,1,2,1,3,3,3,1,1,1,1,2,1,2,1,4,3,3,1,5,4,4,5,1,4,4,1,1,0
44,1,1,1,?,1,2,?,?,1,2,2,5,5,3,2,2,2,2,2,4,1,1,3,1,1,3,2,5,4,4,1,1,2,1,3,3,3,2,5,3,1,1,4,2,2,2,2,3,2,1,5,0
38,1,6,0,8,1,3,?,?,3,2,2,4,4,3,4,4,3,4,3,5,2,3,4,1,1,4,2,4,4,5,1,1,1,1,3,1,1,1,5,3,2,3,4,4,4,3,3,3,4,1,1,0
48,1,5,1,14,1,2,?,?,2,3,3,5,5,2,4,3,3,3,3,5,4,5,3,1,2,4,2,5,4,5,1,3,1,1,1,1,2,3,5,2,2,3,5,2,2,4,2,5,3,1,2,0
44,1,1,1,15,1,2,?,?,3,3,5,5,4,3,3,5,3,3,3,4,3,3,4,1,1,2,2,5,5,5,2,1,3,2,3,5,5,3,5,4,4,4,5,5,5,5,5,5,2,1,3,0
33,1,6,1,?,1,3,?,?,3,3,3,2,3,3,3,3,3,3,3,3,3,3,3,3,3,3,3,3,3,3,2,2,2,2,3,3,3,3,3,3,2,2,4,3,4,3,2,3,3,2,3,1
40,1,3,1,2,1,3,?,?,3,3,3,5,4,3,3,4,3,3,3,4,4,4,4,2,2,3,2,4,4,5,2,3,2,2,3,3,3,3,4,2,2,3,3,2,2,5,3,4,4,2,4,0
29,1,4,0,5,1,4,?,?,3,3,2,5,3,4,4,4,3,4,3,4,4,3,4,2,3,4,2,4,4,4,1,1,2,2,3,3,4,4,5,4,3,3,4,4,3,3,2,4,4,2,5,0
32,1,1,1,3,1,3,?,?,3,3,3,4,5,3,4,4,4,4,4,3,4,4,3,1,2,2,2,4,4,4,3,1,3,3,4,3,3,3,3,3,4,4,5,5,4,3,4,4,4,1,1,0
35,1,6,0,7,1,3,?,?,3,3,3,5,5,3,4,4,3,4,4,3,3,5,3,1,2,4,3,4,5,4,1,1,2,2,3,2,5,4,5,5,3,3,5,5,5,4,2,4,4,1,1,0
34,1,1,1,?,1,2,?,?,2,2,3,5,4,4,4,3,3,3,2,1,2,3,3,1,1,3,1,3,3,3,1,1,1,1,2,1,1,1,5,4,2,1,3,3,3,2,2,2,3,1,4,0
38,1,6,1,13,1,3,?,?,3,3,2,5,5,2,4,4,3,5,3,2,2,3,2,1,4,5,4,5,5,5,1,1,3,1,4,2,4,1,5,1,2,2,5,5,5,5,3,3,3,1,1,0
41,1,6,1,11,1,3,?,?,4,4,4,5,3,5,5,5,3,3,3,3,4,4,4,1,3,2,2,4,5,5,2,1,2,2,4,2,2,2,5,5,4,3,2,5,2,4,3,4,2,1,4,0
31,1,1,0,5,1,4,?,?,5,5,5,5,5,4,5,5,4,4,4,2,4,4,4,4,2,2,4,5,5,5,4,1,4,4,5,4,2,4,4,1,4,4,3,4,3,5,5,5,5,1,2,0
42,1,1,0,4,1,4,?,?,1,1,1,5,2,?,4,3,2,2,2,4,1,1,?,1,1,3,3,3,3,4,1,1,1,1,2,1,1,3,4,4,1,1,1,3,2,1,1,2,4,1,1,0
33,1,1,0,8,1,4,?,?,5,3,3,4,5,4,4,4,3,3,3,5,5,5,4,1,4,4,4,4,4,4,3,3,3,3,4,3,3,3,4,5,4,5,5,5,5,5,2,3,3,1,3,0
40,1,1,1,5,1,3,?,?,5,5,5,5,5,?,4,5,4,4,4,1,5,5,4,4,3,3,4,5,5,5,4,2,5,2,5,1,3,2,5,3,5,5,5,5,5,5,5,5,5,1,2,0
31,1,1,1,5,1,3,?,?,4,4,4,3,5,3,5,5,4,4,3,3,5,5,4,3,4,5,3,5,5,5,2,1,3,3,4,2,3,5,4,4,3,3,5,5,4,3,5,5,5,2,3,1
31,1,6,0,3,1,4,?,?,3,3,2,4,4,4,4,3,2,2,2,4,2,3,3,1,2,4,2,4,3,4,1,2,1,2,2,2,3,2,4,3,3,2,3,3,3,2,2,2,4,2,2,0
30,1,5,0,2,1,4,?,?,3,3,4,3,3,3,4,4,3,3,3,4,4,3,3,2,4,5,4,4,4,4,2,3,3,3,4,3,3,2,5,3,3,3,4,4,4,3,4,4,4,2,2,0
59,1,6,1,20,1,1,?,?,4,4,5,5,5,4,4,4,4,3,3,1,3,4,1,3,?,?,?,?,?,?,3,5,5,5,?,3,3,3,3,3,5,4,5,1,1,4,4,5,5,3,3,1
46,1,6,1,6,1,3,?,?,4,2,2,5,5,5,2,3,2,3,3,3,1,4,2,1,2,2,2,4,5,5,2,2,2,2,2,3,3,3,4,3,2,2,3,3,2,4,2,2,2,2,3,0
47,1,6,1,12,1,3,?,?,3,3,3,4,4,4,3,4,3,3,4,3,3,4,4,3,3,4,3,4,4,4,3,3,3,3,4,3,3,3,5,4,3,3,5,4,3,3,3,4,3,3,4,0
46,1,6,1,20,1,2,?,?,3,2,4,5,5,3,4,4,4,4,4,3,4,3,2,4,3,4,4,4,4,4,4,2,4,3,4,3,4,4,4,4,4,4,4,4,4,?,4,4,4,2,4,0
43,1,6,1,20,1,2,?,?,2,4,2,4,4,3,2,2,3,3,3,5,4,3,2,1,1,2,2,4,5,5,1,2,1,1,2,2,5,4,5,1,3,3,5,3,3,5,2,3,4,1,1,0
52,1,1,1,22,1,2,?,?,4,3,3,3,4,2,4,5,3,4,2,3,3,?,?,1,2,2,?,4,5,5,2,2,2,?,3,3,3,1,4,3,3,3,5,5,4,5,4,4,4,1,3,0
46,1,5,1,17,1,1,?,?,2,2,3,5,4,4,5,4,4,4,3,2,3,1,1,4,1,3,2,5,5,5,2,1,2,3,4,2,1,4,5,4,3,3,4,2,1,3,3,4,4,1,1,0
35,1,6,1,12,1,3,?,?,3,3,5,5,5,4,5,5,4,4,3,3,4,4,5,1,3,5,3,5,4,5,3,1,3,3,3,1,4,3,5,3,3,3,4,4,4,2,4,4,4,1,4,0
50,1,6,1,25,1,2,?,?,1,1,5,5,4,3,2,3,3,3,3,1,3,3,5,2,3,3,3,4,5,5,3,3,2,2,5,2,3,4,4,4,2,3,4,3,2,4,5,5,2,2,4,0
40,1,6,1,13,1,3,?,?,5,4,5,5,4,4,5,5,3,3,3,3,3,3,2,1,2,4,4,5,4,5,1,1,3,3,4,1,4,3,3,2,3,2,2,3,2,4,2,4,4,1,4,0
48,1,6,0,13,1,3,?,?,2,3,3,4,4,1,5,4,3,3,2,1,3,1,1,2,1,3,1,5,5,5,1,1,1,1,3,3,2,3,3,3,1,2,1,1,1,1,1,3,3,1,1,0
46,1,6,1,12,1,3,?,?,4,4,4,4,4,4,3,3,3,3,3,4,4,3,3,2,3,3,2,5,4,4,2,2,2,2,3,3,3,4,3,2,4,4,4,4,4,5,4,3,2,2,4,1
55,1,1,1,25,1,2,?,?,2,2,2,4,4,4,3,2,3,3,2,3,2,2,3,1,1,2,3,4,5,5,1,2,2,2,2,2,2,1,3,3,2,2,5,4,5,4,2,3,4,1,2,0
47,1,5,1,9,1,2,?,?,?,?,?,?,?,?,5,?,?,?,?,?,?,?,?,1,3,3,?,4,3,4,1,1,1,1,?,1,1,2,5,3,?,?,5,5,5,?,1,1,2,1,1,0
51,1,6,1,25,1,2,?,?,4,2,4,4,3,3,2,4,2,3,2,2,2,3,3,3,3,4,4,4,4,5,2,2,3,3,4,2,2,1,4,3,3,3,4,4,4,4,2,3,4,2,2,0
49,1,6,1,24,1,2,?,?,2,2,3,2,3,3,3,3,3,3,3,3,3,3,3,3,3,3,3,3,3,3,3,3,3,3,3,3,3,3,3,3,3,3,3,3,3,3,3,3,3,3,3,0
49,1,6,0,20,1,3,?,?,3,3,3,3,3,3,3,3,4,4,4,3,3,3,3,3,4,4,4,4,4,4,2,3,4,4,4,1,1,1,4,4,4,4,4,4,4,3,4,4,4,1,3,0
44,1,5,0,19,1,3,?,?,3,3,3,4,4,4,4,4,3,3,2,4,3,4,4,2,2,4,3,4,4,4,2,2,2,2,3,1,1,4,4,3,3,3,4,3,3,3,3,4,3,1,4,0
49,0,1,0,6,1,6,2,?,5,5,5,5,5,5,5,5,4,5,4,4,5,3,?,5,2,3,4,5,5,5,4,1,5,5,5,5,5,4,?,?,5,5,5,5,5,5,5,5,5,1,3,0
46,0,3,0,4,1,6,2,?,2,2,2,4,3,3,3,3,2,2,2,2,1,1,2,1,1,3,1,3,3,3,1,1,1,1,1,2,2,1,3,3,1,1,1,1,1,1,1,1,2,1,2,0
54,0,6,0,11,1,6,2,?,5,5,5,5,5,5,5,5,3,3,3,3,3,4,4,5,2,2,2,5,5,5,5,5,5,5,5,1,3,3,5,5,5,5,5,5,5,5,5,5,5,1,5,0
47,0,6,0,5,1,6,2,?,4,3,4,3,4,3,4,?,2,2,2,4,3,4,3,3,3,3,?,4,4,4,2,2,3,3,4,3,4,3,4,4,3,?,4,3,3,3,3,3,4,2,3,0
53,0,6,0,10,1,6,2,?,2,2,1,2,2,2,2,2,3,3,3,3,2,2,3,3,2,2,3,2,2,2,2,3,2,3,2,2,1,2,1,2,3,3,1,3,4,1,2,2,1,2,1,1
45,0,4,0,12,1,6,2,?,4,4,4,5,4,4,4,4,3,3,3,3,3,3,?,3,3,3,3,3,3,3,3,3,3,3,3,2,3,2,3,3,3,3,3,3,3,3,3,3,3,3,3,0
47,0,5,0,8,1,6,2,?,3,3,2,5,5,4,4,4,2,2,2,2,2,4,3,2,1,2,1,3,3,4,1,2,1,1,2,1,1,?,5,5,3,3,2,2,1,1,1,2,2,1,3,0
43,0,6,0,7,1,6,1,7,5,5,5,5,4,4,5,4,4,4,4,4,4,5,3,4,4,5,5,4,5,5,3,4,5,5,4,3,3,4,5,3,4,4,4,4,4,4,4,5,5,2,4,0
39,0,6,0,15,1,6,1,3,3,2,2,4,4,2,2,3,3,3,3,3,2,2,3,2,2,4,2,4,4,3,1,1,2,2,3,1,1,2,2,2,2,3,4,4,3,4,2,3,4,1,2,0
51,0,1,1,5,1,6,2,?,4,4,4,4,4,3,3,4,4,4,3,4,3,4,3,1,3,5,3,5,4,5,2,1,1,1,4,5,2,2,5,5,3,3,2,4,2,3,2,4,2,1,5,0
45,0,1,0,9,1,6,2,?,4,4,4,4,4,3,4,2,3,3,2,2,3,3,3,3,2,1,2,5,5,?,3,3,4,3,3,2,3,2,2,2,3,4,4,4,4,4,4,4,4,2,5,0
45,0,2,0,6,1,6,2,?,4,4,3,5,4,3,4,4,3,4,4,3,3,3,3,3,4,4,4,4,4,4,2,2,3,4,4,1,4,1,4,4,4,4,4,4,4,4,3,4,4,1,2,0
39,0,4,0,5,1,6,2,?,4,3,4,4,5,3,5,5,3,4,4,4,4,3,3,1,3,2,3,5,5,3,2,1,2,2,3,1,5,3,4,4,2,2,4,3,4,4,4,4,4,1,1,0
40,0,2,0,12,1,6,2,?,4,5,4,5,5,4,3,4,5,5,4,2,4,3,4,5,4,5,4,5,5,5,3,3,4,4,5,2,3,2,4,3,4,4,5,4,3,4,4,4,4,1,3,0
53,0,4,0,7,1,6,2,?,3,4,4,4,4,3,5,4,4,5,4,3,3,3,3,3,3,4,4,4,4,5,3,2,4,4,4,2,2,2,4,3,4,4,4,4,4,3,4,4,4,1,3,0
51,0,4,0,5,1,6,2,?,3,4,5,3,3,2,4,4,3,3,2,3,2,3,3,2,2,3,3,4,4,5,2,2,2,2,4,2,2,1,4,3,2,3,2,2,2,2,2,4,4,1,3,0
44,0,6,0,13,1,6,1,7,4,4,5,5,5,4,5,?,5,5,?,2,5,4,1,5,4,3,3,5,5,5,3,3,4,4,5,3,5,3,2,1,5,5,4,3,4,4,3,5,5,3,4,1
52,0,1,0,10,1,6,2,?,3,2,3,4,3,?,2,3,4,3,2,1,?,?,3,3,2,3,2,5,5,5,2,2,2,2,4,4,4,4,5,5,3,2,3,3,3,3,2,2,2,1,5,0
46,0,4,0,15,1,6,2,?,3,3,3,4,4,3,4,4,3,4,4,4,4,3,5,2,3,3,4,5,4,4,2,3,3,3,4,3,2,2,3,3,3,3,3,3,4,3,3,4,4,1,5,0
43,0,5,1,20,1,6,1,2,2,2,1,4,3,3,2,3,2,2,2,4,1,2,3,1,1,3,1,3,4,3,1,1,1,1,2,2,2,2,3,2,1,1,1,1,1,1,1,2,3,1,1,0
47,0,6,0,14,1,6,2,?,3,2,4,5,3,3,3,3,3,3,2,5,2,3,3,1,3,4,3,4,3,4,1,2,2,2,3,2,4,3,3,3,2,2,5,5,5,3,3,3,4,1,2,0
43,0,6,0,16,1,6,2,?,5,5,5,5,5,5,4,3,4,4,4,3,4,3,3,2,2,2,2,5,5,5,3,1,4,3,4,5,5,5,5,3,3,3,3,2,2,2,4,4,4,1,5,0
48,0,6,0,15,1,6,2,?,2,3,5,5,?,3,1,4,5,5,4,3,3,3,3,5,3,3,4,5,4,5,4,1,3,3,4,1,2,1,4,3,3,5,4,4,4,3,2,2,4,1,1,0
44,0,1,1,20,1,6,1,2,3,4,4,4,4,2,5,4,4,3,3,3,3,3,3,1,2,2,2,3,2,3,1,1,3,2,4,1,1,1,3,3,3,3,3,5,3,3,2,3,1,1,1,0
44,0,6,0,20,1,6,1,7,4,4,3,5,5,4,4,4,3,4,2,3,3,2,4,1,3,4,5,5,5,5,1,1,3,3,4,2,3,3,5,4,3,3,4,4,5,3,4,4,4,2,3,0
41,0,6,1,15,1,6,1,7,4,4,4,5,4,3,4,4,3,3,3,3,4,4,3,2,1,3,3,4,5,5,4,2,3,3,4,1,2,1,3,2,3,3,4,3,4,4,4,5,5,1,2,0
47,0,2,1,21,1,6,1,2,5,5,5,5,3,4,4,4,3,4,2,2,3,4,4,4,4,4,3,4,4,4,2,2,4,4,4,4,4,4,5,3,4,4,5,5,5,5,4,4,4,1,1,0
42,0,6,1,17,1,6,1,2,5,5,5,5,5,3,5,5,4,3,2,?,3,3,3,1,3,5,3,5,5,5,2,1,4,1,4,1,3,2,4,1,3,4,3,4,4,5,5,5,5,1,1,0
33,0,4,0,5,1,6,2,?,2,3,3,4,4,4,5,4,3,3,3,1,4,1,2,2,2,3,2,3,4,4,2,2,1,1,2,1,1,2,4,4,2,2,3,3,1,3,2,3,3,1,5,0
41,0,6,1,14,1,6,2,?,4,3,4,2,4,3,4,3,4,4,4,3,4,3,3,3,3,3,4,4,4,4,3,3,3,4,4,3,3,3,3,3,4,4,3,3,4,4,5,5,5,3,3,0
40,0,6,1,?,1,6,1,2,3,4,5,5,5,2,4,4,4,5,1,4,?,?,4,5,3,2,?,5,5,5,4,1,4,?,4,4,5,5,1,2,3,5,1,3,1,3,4,4,5,1,4,1
46,0,4,1,23,1,6,1,2,2,3,4,2,5,3,3,3,3,4,2,4,3,3,4,4,3,4,2,5,4,4,4,2,3,3,3,1,2,5,2,3,2,3,2,3,2,2,4,4,4,1,2,1
45,0,4,1,20,1,6,1,3,3,3,4,4,4,?,5,5,4,4,3,2,4,?,?,2,3,?,3,4,4,4,1,1,2,3,4,1,1,1,3,2,4,4,4,5,4,5,5,4,5,1,1,0
43,0,4,0,15,1,6,1,2,3,3,3,5,5,3,4,4,3,4,3,3,3,3,3,3,2,4,3,5,5,5,1,1,3,3,3,1,1,2,3,3,3,3,4,3,3,3,4,4,5,1,2,0
44,0,4,0,14,1,6,2,?,3,?,3,5,4,?,2,4,1,2,2,5,1,?,4,1,1,5,3,5,2,5,1,2,2,2,2,2,4,2,3,1,3,2,4,?,4,?,3,3,2,1,2,0
56,0,4,0,3,1,6,2,?,1,2,2,3,3,2,3,2,3,2,2,4,2,?,?,2,?,?,?,5,5,5,1,1,1,1,3,1,2,1,4,?,2,2,5,3,3,?,2,3,3,1,1,0
43,0,6,1,8,1,6,?,?,3,3,3,3,3,3,3,3,4,4,4,3,3,3,3,?,3,3,3,3,3,5,4,4,?,?,3,?,4,?,3,3,3,3,?,?,?,?,4,4,4,1,1,0
41,0,6,1,10,1,6,1,7,4,4,4,5,4,3,4,5,3,3,3,3,4,4,3,4,2,4,3,4,4,5,2,2,4,4,4,2,3,3,5,2,4,4,4,5,4,5,3,4,4,1,3,0
49,0,2,1,22,1,6,1,3,4,4,5,5,5,?,4,3,4,4,4,2,4,?,?,4,2,3,3,4,5,5,4,1,3,3,3,1,3,3,4,2,3,5,5,5,5,5,4,4,4,1,1,0
47,0,2,1,19,1,6,1,3,3,3,3,4,4,4,4,4,3,3,3,3,3,3,3,3,2,4,2,3,3,3,3,3,3,3,3,3,3,3,3,3,3,3,3,3,3,3,3,3,3,3,3,0
47,0,4,1,20,1,6,1,6,4,4,4,5,3,4,5,5,3,4,3,2,3,3,4,2,2,4,4,4,3,4,1,1,3,3,3,2,2,2,4,3,3,3,5,4,4,4,4,4,4,1,4,0
48,0,6,0,4,1,6,2,?,3,3,2,5,5,3,3,3,2,3,3,3,3,3,3,2,2,3,4,4,4,5,3,3,2,2,4,3,3,3,5,4,3,3,3,3,3,4,2,3,3,3,3,0
49,0,6,0,5,1,6,2,?,3,3,3,4,4,3,3,4,4,4,3,5,3,?,?,1,3,4,?,3,4,3,2,1,1,2,2,5,3,3,4,4,2,2,3,4,3,3,2,3,2,1,1,0
46,0,6,1,11,1,6,2,?,5,5,5,5,5,4,4,4,4,5,4,5,4,4,5,3,3,3,3,5,3,5,2,3,4,3,4,4,3,5,5,5,4,4,5,4,3,4,3,4,5,4,5,1
57,0,2,0,12,1,6,2,?,4,?,4,5,4,?,4,?,4,4,4,?,4,?,?,3,3,4,4,4,4,5,3,?,4,3,4,4,4,3,5,5,4,4,4,4,?,?,4,4,2,3,5,0
43,0,6,0,12,1,6,2,?,4,3,4,5,5,3,4,5,4,4,4,4,4,4,5,1,3,4,3,5,4,5,2,2,3,3,4,3,3,4,5,4,3,3,4,4,4,5,3,3,4,2,4,0
48,0,2,1,25,1,6,1,2,4,5,5,4,4,2,4,4,4,4,4,2,4,4,3,3,2,3,4,5,4,5,4,4,4,4,5,2,3,2,2,1,4,4,4,4,3,4,4,4,4,1,1,0
45,0,5,0,12,1,6,2,?,3,3,3,5,5,2,4,4,3,3,2,2,3,3,3,2,2,4,2,4,4,5,1,1,3,2,3,3,3,2,4,3,3,3,5,2,4,5,1,4,4,1,1,0
53,0,2,0,12,1,6,2,?,3,2,4,4,3,3,4,3,4,4,4,3,3,2,3,2,3,4,3,3,4,5,2,1,2,1,4,2,2,1,4,4,3,2,4,3,2,3,4,3,2,1,4,0
43,0,5,1,18,1,6,1,2,2,2,2,5,4,2,4,5,3,3,2,2,2,2,3,2,2,3,2,3,4,5,2,1,2,2,3,1,2,1,3,3,2,2,4,3,3,3,3,4,5,1,1,0
42,0,6,1,20,1,6,1,7,5,5,5,5,5,4,5,5,4,4,3,3,4,4,2,1,2,2,3,5,5,5,4,4,5,3,4,1,2,1,2,1,4,4,5,4,4,5,4,5,5,2,4,0
39,0,4,1,14,1,6,1,2,4,4,5,4,4,5,5,5,4,5,3,1,4,3,5,5,2,4,4,5,5,5,2,3,5,4,5,3,3,4,4,3,5,5,3,4,3,5,5,5,5,4,2,1
44,0,5,0,16,1,6,1,7,2,2,2,5,3,3,4,3,2,2,2,4,2,3,3,1,2,2,2,3,3,3,1,1,1,1,2,2,2,3,3,3,2,2,3,3,3,3,2,3,3,1,1,0
39,0,4,0,7,1,6,2,?,3,4,5,5,5,3,5,5,5,5,5,1,5,3,3,5,3,5,3,5,5,5,3,4,5,5,4,3,2,3,4,4,5,5,4,2,2,2,4,4,4,1,2,0
38,0,4,1,6,1,6,2,?,?,4,4,5,4,4,4,3,4,4,4,4,4,4,4,2,3,4,4,5,5,5,2,2,3,3,4,2,3,3,3,3,3,3,4,4,4,4,4,4,4,2,3,0
43,0,4,0,7,1,6,2,?,4,3,3,5,5,4,4,5,4,4,4,2,2,3,2,1,3,5,3,5,5,5,1,1,3,3,4,1,2,1,4,4,2,2,2,4,4,3,3,3,4,2,1,0
46,0,1,0,12,1,6,2,?,4,3,5,5,5,4,4,5,4,3,3,2,4,4,4,2,3,4,4,5,5,5,2,2,4,4,5,4,4,2,5,5,4,4,5,5,4,4,4,5,5,2,5,0
39,0,6,0,4,1,6,2,?,4,3,4,4,4,3,3,3,3,3,3,4,4,4,4,3,3,3,4,5,5,5,2,2,3,3,4,4,4,4,3,3,3,3,3,3,3,3,2,2,3,2,4,0
58,0,4,0,10,1,6,2,?,3,3,4,5,4,5,4,4,3,3,3,3,4,4,3,2,3,5,4,5,5,5,2,3,2,2,4,4,5,4,5,5,3,3,5,4,3,3,3,4,4,2,5,0
41,0,6,1,15,1,6,1,2,4,4,3,5,5,3,5,5,4,4,2,2,2,2,2,2,2,2,2,3,2,4,2,1,2,2,3,2,2,2,2,2,2,2,2,2,2,2,3,4,4,1,3,0
43,0,6,0,3,1,6,2,?,4,4,5,4,4,4,5,5,4,4,4,3,4,4,4,3,4,5,4,5,5,5,3,3,4,4,4,2,4,4,4,4,4,4,5,4,3,5,4,5,5,2,4,0
38,0,6,0,9,1,6,2,?,2,2,3,5,5,3,4,4,4,4,3,4,3,2,2,2,2,1,3,5,5,5,1,1,2,2,4,1,3,1,4,2,2,3,4,3,5,5,4,4,4,1,1,0
56,0,3,0,22,1,6,2,?,2,2,3,4,3,2,4,4,3,2,2,4,2,3,2,1,4,4,4,4,4,5,1,1,2,1,4,2,2,1,4,4,2,2,5,3,5,5,2,3,4,1,3,0
46,0,1,0,10,1,6,2,?,3,2,2,5,5,4,3,3,3,4,4,4,3,2,3,1,2,3,2,5,5,5,1,1,2,1,3,1,1,1,5,5,1,1,3,1,1,1,1,2,5,1,1,0
47,0,4,0,5,1,6,2,?,2,2,2,5,3,?,2,4,?,?,?,?,?,?,?,1,2,4,3,5,5,5,1,1,1,1,2,4,4,4,5,?,2,1,?,?,?,?,2,1,3,1,?,0
37,0,6,0,2,1,6,2,?,5,5,5,5,5,5,5,5,2,2,2,2,2,5,5,5,5,5,5,5,5,5,5,5,5,5,5,5,5,5,5,5,5,5,5,5,5,5,5,5,5,5,5,1
44,0,4,0,1,1,6,2,?,3,4,4,4,5,4,5,5,4,5,2,3,4,4,4,4,3,5,4,4,5,5,2,4,2,2,3,2,5,4,5,4,3,4,4,3,3,3,5,5,5,4,4,1
63,0,2,0,?,1,6,2,?,3,3,3,3,3,3,3,3,3,4,3,3,3,3,3,1,3,3,3,3,3,5,1,1,3,3,5,1,4,2,5,4,5,3,4,5,5,3,2,2,1,1,4,0
48,0,6,0,7,1,6,1,7,4,4,4,5,4,5,5,5,3,4,4,3,3,3,3,2,3,3,4,4,4,5,2,2,3,3,4,3,3,3,3,3,3,3,3,3,3,3,3,4,4,2,3,0
68,0,6,0,18,1,6,2,?,5,5,5,5,5,3,5,5,3,4,5,4,3,5,3,2,3,5,5,5,5,5,3,2,4,4,5,2,4,2,5,5,5,5,5,5,5,5,5,5,5,1,3,0
42,0,6,1,18,1,6,1,2,1,1,1,5,4,3,3,4,3,4,4,3,1,1,3,1,3,5,3,4,4,4,1,1,1,1,3,1,2,1,4,3,1,1,1,1,1,1,1,4,5,1,1,0
49,0,2,1,20,1,6,1,2,1,2,1,2,2,1,2,2,1,1,1,5,1,1,1,1,2,5,3,5,5,4,1,1,2,1,2,1,1,1,4,4,1,1,5,5,5,5,2,2,4,1,1,0
48,0,2,1,20,1,6,1,2,2,3,3,5,5,3,3,3,4,4,4,3,3,3,3,3,3,4,3,5,3,3,1,1,3,3,4,1,1,1,3,3,3,2,4,4,3,5,3,2,2,1,1,0
40,0,6,1,15,1,6,1,3,3,3,4,5,4,2,3,2,3,3,2,3,3,3,2,2,3,4,3,4,4,4,2,2,4,3,4,2,2,2,2,1,3,3,5,4,5,1,2,4,4,2,2,0
46,0,4,1,23,1,6,1,2,5,5,5,5,4,3,4,5,4,4,3,2,4,3,3,5,3,3,3,5,5,5,4,2,5,5,5,5,5,5,3,4,5,5,3,1,1,1,5,5,5,3,3,1
55,0,3,1,20,1,6,1,4,5,5,5,5,5,5,5,5,5,5,5,5,5,5,5,5,5,5,5,5,5,5,5,5,5,5,5,5,5,5,5,5,5,5,5,5,5,5,5,5,5,5,5,1
38,0,3,1,15,1,6,2,?,4,3,4,5,4,?,4,5,2,4,3,3,?,?,?,3,3,2,?,4,4,5,2,2,4,3,4,1,5,1,4,3,4,4,2,2,3,3,4,4,4,1,1,0
44,0,6,0,7,1,6,2,?,4,4,4,5,3,3,4,4,3,4,3,3,2,3,3,4,2,3,3,3,4,4,3,2,3,3,2,2,2,3,4,4,3,3,4,4,5,3,3,4,3,1,5,0
43,0,1,0,12,1,6,2,?,4,4,4,5,5,3,4,4,4,3,3,4,3,3,3,2,2,4,3,5,3,5,3,1,3,3,4,2,4,1,4,2,3,4,3,3,3,3,4,5,5,1,5,0
46,0,5,0,7,1,6,2,?,3,3,3,2,5,2,3,4,3,4,2,5,2,2,2,1,2,4,3,4,4,5,2,1,2,2,2,1,5,4,4,3,2,2,5,4,5,3,2,3,4,1,2,0
50,0,1,0,12,1,6,2,?,5,3,5,3,5,3,5,4,4,4,3,1,4,4,3,3,3,5,5,5,5,5,3,5,5,5,5,5,5,3,5,5,5,5,3,5,5,5,5,5,5,1,3,1
37,0,4,1,12,1,6,1,2,5,5,5,5,5,5,5,5,4,4,4,2,4,4,2,3,3,3,4,4,2,5,3,2,4,4,4,1,1,1,4,2,4,4,3,3,3,4,4,4,4,1,2,0
50,0,2,0,?,1,6,2,?,3,2,2,4,4,3,4,4,1,2,2,3,1,2,4,1,2,4,3,4,5,5,1,1,1,3,3,2,1,2,?,?,1,1,4,2,3,1,2,4,4,2,1,0
44,0,1,0,12,1,6,2,?,5,5,5,4,4,4,5,4,4,4,3,2,5,4,5,3,3,3,2,5,5,5,3,4,5,5,5,3,5,5,3,1,5,4,5,5,5,5,4,4,4,4,5,1
45,0,6,0,8,1,6,?,?,4,4,5,4,4,3,4,4,4,3,3,3,3,3,3,3,3,4,3,4,4,5,3,3,3,3,4,3,2,3,4,3,3,4,3,3,3,3,4,4,4,2,3,0
57,0,6,1,22,1,6,1,2,4,4,5,4,4,4,2,4,3,3,3,4,4,4,4,4,?,?,?,?,?,?,5,5,5,5,?,1,1,3,1,1,5,5,5,5,5,1,5,5,1,1,5,0
47,0,4,0,7,1,6,2,?,3,4,5,4,4,2,4,3,5,5,5,3,4,3,3,4,5,3,4,5,5,5,4,2,5,5,5,2,5,5,4,2,5,4,3,4,3,3,5,5,5,2,2,0
53,0,1,0,5,1,6,2,?,3,3,3,3,3,2,3,2,4,4,4,3,4,2,2,2,3,2,3,5,5,5,3,2,3,3,5,2,4,?,4,3,3,3,1,4,4,4,4,4,4,2,2,0
46,0,5,0,1,1,6,2,?,4,4,4,5,5,5,4,4,4,4,3,5,4,4,4,3,2,2,2,4,5,5,1,1,3,3,4,5,5,5,5,5,3,3,4,2,4,4,1,3,4,1,1,0
48,0,6,0,5,1,6,2,?,4,4,4,4,4,4,4,3,3,3,3,4,3,3,3,3,3,4,4,5,5,5,3,2,3,3,4,3,4,3,5,5,4,3,4,4,4,4,3,3,3,2,3,0
37,0,6,0,6,1,6,2,?,2,4,3,4,4,3,4,4,4,5,3,2,3,4,2,2,3,2,2,4,4,4,1,1,2,2,2,3,4,1,4,3,2,2,3,2,3,4,2,3,4,2,4,0
56,0,6,0,12,1,6,2,?,2,2,3,5,5,3,2,1,2,3,2,1,3,2,1,1,1,2,2,4,5,5,2,2,3,3,3,1,3,2,?,?,2,2,2,1,1,1,2,3,4,1,1,0
37,0,4,0,6,1,6,2,?,4,4,4,4,4,4,5,5,3,3,3,2,3,3,3,2,4,4,4,4,4,4,4,1,3,4,3,2,3,2,3,3,4,3,5,5,5,5,5,4,5,2,3,0
31,0,6,0,4,1,6,2,?,2,2,3,5,4,4,5,4,2,4,1,5,3,1,2,1,1,2,2,5,5,5,1,1,1,1,1,1,3,1,2,3,1,1,4,3,4,4,2,3,4,1,1,0
51,0,3,1,20,1,6,1,7,3,3,4,5,4,5,4,5,3,3,2,2,3,3,4,2,2,5,2,5,2,5,1,1,3,3,2,5,3,1,5,3,3,3,5,4,5,5,4,4,3,3,4,1
45,0,6,0,17,1,6,1,3,3,3,3,2,?,?,3,4,?,?,?,?,?,?,?,3,2,2,2,4,4,4,2,2,2,2,3,4,4,?,4,2,3,2,2,2,2,2,2,2,2,2,2,0
33,0,1,1,9,1,6,1,4,2,2,2,5,3,4,2,3,3,3,2,4,2,2,3,1,1,1,2,5,3,5,1,1,1,1,1,3,2,4,3,1,2,2,2,2,2,2,1,2,3,1,4,1
34,0,4,0,?,1,6,2,?,4,3,4,3,4,3,4,3,2,3,2,2,2,4,4,1,2,3,1,4,4,5,1,2,3,2,3,1,2,1,5,3,3,3,4,3,3,3,2,2,3,2,5,1
33,0,5,0,3,1,6,2,?,4,4,4,4,4,4,5,5,4,4,3,3,3,3,3,3,2,2,4,4,4,5,1,2,3,4,3,3,4,1,5,5,4,4,5,4,5,5,2,4,4,1,3,0
37,0,1,0,6,1,6,2,?,4,3,5,5,5,4,4,4,5,4,4,2,4,3,4,2,3,3,5,4,4,4,3,3,3,3,4,5,4,4,4,2,3,3,4,5,5,3,2,5,5,1,3,0
40,0,1,1,10,1,6,1,2,3,3,5,4,5,?,1,2,3,3,3,5,3,3,?,1,1,1,1,3,5,5,3,1,4,1,5,5,1,1,3,3,3,3,5,5,5,5,4,4,4,1,1,0
34,0,4,1,10,1,6,1,2,4,4,5,5,5,3,4,4,4,4,3,1,4,3,2,3,4,4,3,5,1,4,3,1,4,4,4,1,1,1,3,1,3,4,2,4,1,1,4,3,2,1,1,0
38,0,1,0,7,1,6,2,?,3,4,4,4,4,3,4,4,4,4,3,4,4,4,3,1,2,3,4,5,5,5,3,3,4,4,4,2,4,3,5,3,4,4,4,4,4,4,4,4,4,2,4,0
34,0,2,0,3,1,6,2,?,3,2,2,5,5,3,4,4,3,3,3,4,2,3,3,1,4,2,4,5,5,5,1,2,2,2,2,2,2,2,5,?,2,2,4,4,5,3,2,4,4,1,2,0
50,0,1,1,17,1,6,1,3,2,3,5,5,4,4,4,3,3,3,3,3,3,4,2,2,2,2,2,4,5,5,2,2,4,3,4,1,1,3,2,2,3,4,3,2,3,2,4,5,5,5,3,0
39,0,6,0,10,1,6,2,?,3,3,3,5,5,2,5,5,3,3,4,3,3,2,2,2,4,3,3,3,4,4,1,1,3,3,2,1,1,1,5,4,3,2,5,3,5,4,2,2,5,1,2,0
39,0,5,1,12,1,6,?,?,4,3,3,4,4,2,3,3,4,4,4,3,2,2,3,2,2,3,2,4,?,4,1,1,2,?,3,3,2,2,4,2,2,2,4,3,3,3,2,3,3,1,2,0
40,0,5,0,16,1,6,1,7,3,3,2,4,2,4,3,3,2,2,2,4,2,3,2,1,2,2,2,4,4,4,1,1,1,1,2,2,4,1,1,1,1,1,1,1,1,1,1,1,2,2,1,0
41,0,1,1,10,1,6,2,?,3,3,4,3,5,4,4,3,4,4,3,2,3,2,3,3,4,4,3,3,4,4,2,2,4,4,3,2,3,2,3,3,3,3,3,3,4,4,5,5,5,3,2,0
39,0,4,0,10,1,6,2,?,3,5,4,5,4,?,4,4,3,2,3,3,3,2,?,1,4,4,?,4,4,5,?,?,4,?,4,2,2,3,?,?,?,?,4,?,4,4,5,5,5,1,4,0
42,0,2,1,15,1,6,1,2,4,5,5,5,5,4,5,4,4,4,4,1,3,3,4,2,4,3,4,3,1,4,3,2,4,3,5,2,1,2,3,3,3,3,1,1,1,1,4,2,3,2,3,0
36,0,4,0,12,1,6,2,?,4,3,4,4,3,3,3,4,4,4,3,3,3,3,3,3,3,3,3,5,4,3,4,3,3,2,4,4,5,4,1,2,3,4,4,3,2,3,2,3,4,5,1,0
47,0,4,1,24,1,6,1,2,1,2,2,4,3,4,3,3,1,2,2,3,1,1,3,2,2,4,3,4,3,5,2,1,2,2,2,1,1,4,4,4,2,2,2,2,2,2,3,2,1,1,2,0
51,0,4,0,8,1,6,2,?,3,3,4,3,3,2,3,3,4,4,4,4,4,4,2,4,4,3,3,3,3,3,3,3,3,3,3,1,1,2,?,?,?,?,?,4,4,?,3,3,3,2,1,1
35,0,4,1,5,1,6,2,?,4,4,5,5,5,5,5,5,5,5,4,2,4,5,3,1,5,5,5,5,5,5,4,2,2,2,5,1,3,3,5,5,4,4,5,2,2,2,5,5,5,1,4,0
52,0,?,0,?,1,6,2,?,5,5,5,5,3,5,4,4,3,3,2,?,3,4,4,5,4,?,?,5,5,5,4,?,5,5,5,4,5,?,?,?,?,?,?,?,?,?,?,4,4,?,3,0
45,0,6,0,3,1,6,2,?,4,3,4,4,4,3,4,4,4,4,4,4,4,4,4,2,3,3,3,5,5,5,1,1,4,4,4,2,4,4,5,3,3,3,5,3,3,3,3,4,4,1,4,1
36,0,5,0,3,1,6,2,?,4,4,3,4,5,4,5,5,4,4,4,3,2,4,?,1,3,4,4,5,5,5,2,2,3,3,4,1,2,1,5,5,5,4,4,5,5,4,4,4,?,3,5,0
36,0,2,0,10,1,6,1,3,4,4,5,4,3,3,4,4,4,4,3,4,4,3,3,2,3,3,?,4,4,4,4,4,3,3,4,2,2,1,4,2,2,4,2,3,4,2,3,4,4,2,2,0
39,0,6,0,4,1,6,2,?,4,3,4,4,4,4,5,5,4,3,4,2,4,3,3,1,3,5,3,5,5,5,2,1,4,3,4,2,3,4,5,5,4,3,5,4,3,2,3,4,4,1,3,0
45,0,5,1,22,1,6,1,2,2,2,2,3,3,3,2,3,2,2,1,5,1,2,3,1,1,3,1,4,4,4,2,2,1,1,2,4,4,2,2,1,1,1,5,3,3,5,1,2,1,1,4,0
46,0,3,1,10,1,6,2,?,5,5,5,5,5,3,5,4,4,4,4,2,4,4,3,2,2,4,4,4,2,4,3,3,4,2,4,2,3,1,4,3,4,4,4,4,4,4,4,4,4,2,4,0
46,0,3,1,20,1,6,1,2,3,3,4,5,5,3,4,5,3,3,3,3,2,3,2,1,3,4,3,5,5,5,2,2,4,4,4,1,1,1,4,4,3,3,5,5,3,4,4,4,4,1,3,0
41,0,4,0,13,1,6,1,7,3,4,3,4,4,4,5,4,3,3,3,4,3,3,3,1,3,4,3,4,4,4,3,3,4,3,5,2,5,1,3,2,4,4,4,4,3,4,4,4,2,2,3,0
33,0,6,0,8,1,6,2,?,1,2,1,3,3,3,1,2,1,3,1,5,1,1,3,1,1,4,1,4,5,4,1,1,1,1,1,3,4,2,5,5,1,1,2,4,2,5,1,1,4,1,2,0
50,0,6,1,25,1,6,1,7,3,2,5,5,5,2,3,3,4,4,4,3,4,2,3,3,3,4,3,4,3,4,5,3,4,4,5,2,2,2,4,3,4,4,3,3,3,3,5,3,2,2,3,1
53,0,1,0,2,1,6,2,?,3,4,4,4,4,3,5,4,3,4,3,3,4,3,3,4,4,3,3,5,5,5,4,3,4,4,4,3,4,3,4,4,5,5,4,3,3,3,5,5,?,3,3,0
41,0,6,1,15,1,6,1,2,4,4,5,5,3,3,4,4,3,3,3,5,3,3,3,2,3,4,3,5,5,5,2,1,2,3,5,1,1,1,3,1,3,3,2,5,3,3,4,4,4,1,1,0
38,0,6,0,10,1,6,2,?,4,4,4,5,4,2,3,4,3,3,4,3,3,3,3,2,4,3,4,4,4,5,2,3,2,2,4,3,4,2,4,5,2,3,4,4,3,3,3,3,3,1,3,0
56,0,6,0,15,1,6,1,1,5,5,5,5,2,4,3,3,4,4,2,5,3,3,3,3,2,4,4,5,5,5,2,2,4,4,4,1,3,4,5,4,4,4,4,4,4,4,4,4,4,2,3,0
45,0,6,0,10,1,6,2,?,5,4,5,4,5,5,5,5,4,5,3,3,5,4,4,3,2,1,3,5,4,4,3,3,4,4,5,4,5,4,4,1,4,4,4,3,3,5,4,5,5,3,3,1
42,0,4,0,8,1,6,2,?,3,3,3,5,4,2,5,4,2,2,3,3,1,3,3,1,2,4,4,5,5,5,3,3,3,2,4,1,1,2,3,3,2,1,2,2,2,2,3,4,4,1,2,0
45,0,6,0,15,1,6,2,?,3,3,2,4,4,3,4,4,3,3,3,4,2,3,2,2,2,3,3,3,3,4,2,2,2,2,4,3,4,3,4,4,3,3,4,4,4,4,2,3,3,2,2,0
42,0,6,1,18,1,6,1,2,5,5,5,5,5,3,4,3,4,4,4,3,3,3,3,4,2,3,3,4,2,3,3,2,4,4,3,1,1,2,5,3,4,4,3,3,3,3,2,3,2,1,1,0
49,0,6,0,16,1,6,2,?,3,4,3,4,4,?,3,3,3,3,3,4,2,?,?,1,2,?,?,4,4,4,2,1,4,4,4,3,2,1,4,4,3,3,4,4,4,3,3,3,3,1,3,0
48,0,5,0,10,1,6,2,?,2,2,2,4,5,1,2,3,2,3,3,2,2,2,2,1,1,3,1,3,3,3,2,2,2,1,3,2,1,1,4,4,2,1,2,2,2,1,1,2,1,1,1,0
35,0,6,1,11,1,6,1,7,3,3,3,5,4,3,4,4,4,4,3,2,3,2,3,1,3,5,3,4,5,5,1,2,3,3,4,1,2,1,4,1,3,3,4,4,3,4,2,4,3,1,4,0
32,0,6,1,6,1,6,2,?,3,2,3,3,5,4,4,4,3,3,4,5,3,4,4,3,4,3,2,4,5,4,2,4,3,3,2,5,5,4,5,4,4,4,4,3,4,4,3,2,4,2,5,1
43,0,4,0,10,1,6,2,?,3,3,4,3,3,3,4,4,2,3,2,5,2,3,3,1,2,3,3,5,5,5,3,2,4,3,?,2,2,2,2,2,3,3,3,3,3,3,3,2,4,2,3,1
43,0,2,1,5,1,6,1,7,2,4,3,4,4,2,3,4,3,4,3,2,4,4,2,3,4,3,2,5,5,5,4,4,5,5,4,2,5,4,4,3,4,4,4,3,2,4,4,3,3,1,4,0
32,0,6,0,3,1,6,2,?,5,5,5,3,5,4,5,4,4,4,5,5,3,5,3,1,3,4,2,5,5,5,5,5,4,4,4,5,5,5,3,1,5,5,4,1,3,5,5,5,5,5,1,1
38,0,6,1,4,1,6,2,?,2,2,2,5,4,5,4,4,2,3,3,5,1,1,2,1,2,2,4,5,5,5,1,1,2,2,3,3,5,4,2,2,2,2,2,2,2,2,2,5,5,3,2,1
33,0,4,0,12,1,6,2,?,2,2,3,3,3,3,3,3,2,2,2,2,2,2,2,1,2,2,2,2,2,2,2,1,1,1,2,1,2,1,2,2,1,2,1,1,1,1,1,1,1,1,1,0
46,0,6,0,10,1,6,2,?,2,2,3,5,4,3,4,3,3,3,4,5,3,2,3,2,3,4,3,4,4,4,1,1,2,2,3,2,2,2,3,3,3,3,2,3,2,2,2,4,4,1,2,0
56,0,6,0,10,1,6,2,?,2,3,3,5,4,3,4,3,3,3,3,3,2,2,1,1,2,4,2,4,4,4,1,1,1,2,3,2,4,2,4,4,2,2,4,3,4,4,2,2,3,1,1,0
42,0,6,1,14,1,6,1,2,4,4,3,5,4,?,4,4,4,3,3,4,3,3,?,1,3,5,3,5,3,5,2,1,4,3,4,1,1,2,2,2,3,2,3,3,2,1,3,3,5,1,1,0
42,0,4,1,14,1,6,1,2,2,3,3,5,4,2,4,3,4,4,3,2,4,3,3,2,2,4,1,5,4,4,2,2,3,2,3,1,2,2,4,3,2,2,4,3,3,4,4,3,4,2,2,0
46,0,2,1,22,1,6,1,2,3,4,4,5,4,3,4,4,5,5,5,2,5,2,3,2,5,5,4,5,5,5,1,1,3,4,5,1,1,2,5,4,4,4,2,5,5,3,4,3,3,1,2,0
47,0,4,1,23,1,6,1,1,3,3,3,4,4,4,3,3,3,3,3,3,3,4,2,2,2,3,2,4,3,3,1,1,3,3,3,2,2,3,2,1,2,3,4,4,3,4,2,4,3,1,1,0
55,0,1,0,20,1,6,1,7,4,3,4,5,4,5,4,4,3,4,3,3,4,3,3,1,2,3,4,4,4,5,3,3,3,4,4,1,2,2,4,3,3,3,3,3,3,3,3,4,4,1,5,0
59,0,5,0,15,1,6,2,?,3,3,3,3,3,1,3,3,2,2,2,3,3,3,?,1,1,1,2,2,2,5,1,?,2,1,2,1,1,1,3,2,2,2,3,3,5,4,1,1,2,1,2,0
34,0,6,0,4,1,6,2,?,2,4,4,4,4,4,4,4,2,2,2,1,4,4,2,4,1,2,2,5,4,5,1,1,2,2,4,5,5,4,5,5,3,4,2,5,5,5,2,4,4,1,2,0
39,0,4,0,3,1,6,2,?,5,5,5,5,5,5,5,5,4,3,2,4,4,3,?,5,2,5,3,5,5,5,5,1,4,4,4,1,1,1,3,3,5,5,4,4,4,5,5,5,5,5,2,1
49,0,?,1,21,1,6,2,?,4,4,4,4,4,4,4,4,4,4,4,3,4,4,3,4,3,3,3,4,5,5,3,3,4,4,4,5,5,5,4,4,4,4,2,2,2,5,4,4,4,3,4,0
36,0,6,1,9,1,6,1,4,4,4,4,5,4,3,3,3,4,4,2,2,3,2,2,2,2,4,3,4,5,4,2,2,4,2,4,3,3,2,4,3,4,4,4,4,3,3,3,3,2,1,2,0
33,0,4,0,2,1,6,2,?,3,3,4,3,3,3,4,3,3,3,3,2,3,3,2,2,4,3,3,4,3,3,1,1,3,2,3,2,1,1,4,2,2,3,3,3,3,3,3,3,3,1,1,0
49,0,5,0,8,1,6,2,?,3,4,3,4,?,2,4,3,3,3,2,4,2,3,2,2,2,3,3,3,4,4,2,1,2,2,3,2,2,2,4,4,3,3,4,4,3,3,3,3,4,1,2,0
47,0,4,1,24,1,6,1,1,2,2,2,4,4,4,2,3,3,3,2,4,2,1,3,1,1,2,1,3,1,4,1,1,1,1,1,3,3,1,3,4,2,1,4,2,2,2,1,3,3,1,2,0
40,0,6,1,15,1,6,1,3,5,4,5,5,5,5,5,5,5,5,5,3,4,5,5,1,3,1,2,5,5,5,1,1,1,1,5,1,2,5,2,1,3,3,?,?,?,?,2,4,5,1,1,0
40,0,6,1,18,1,6,1,2,3,3,3,5,4,?,4,4,4,4,3,3,3,3,?,?,3,4,3,4,4,?,?,?,?,?,3,?,?,?,5,4,?,?,?,?,?,?,4,?,4,?,?,0
38,0,5,0,10,1,6,2,?,3,3,3,4,4,3,3,3,4,4,4,3,3,3,3,1,3,3,3,4,4,4,1,1,2,2,3,1,2,1,4,3,3,3,4,4,4,4,2,2,2,1,1,0
44,0,5,0,12,1,6,1,7,2,3,1,3,2,5,4,3,2,5,4,5,5,5,3,1,1,2,1,4,5,3,1,1,1,1,1,1,1,2,4,2,1,1,5,4,3,3,1,2,3,1,1,0
36,0,5,0,8,1,6,2,?,3,3,3,5,3,2,4,5,5,5,4,2,4,4,4,1,3,3,2,5,5,5,1,1,2,2,4,1,1,1,4,3,4,3,5,4,4,4,3,3,3,1,2,0
40,0,1,0,8,1,6,2,?,2,2,3,3,3,3,4,3,3,3,2,3,3,4,4,2,2,4,2,4,5,5,2,1,2,2,2,2,3,2,4,3,3,3,5,5,5,5,4,4,4,1,3,0
40,0,4,0,13,1,6,2,?,4,3,4,3,3,4,3,?,4,4,4,3,3,3,4,3,3,3,3,3,3,3,3,3,3,3,4,3,3,3,2,2,3,3,4,4,4,4,3,4,?,3,2,0
37,0,4,0,8,1,6,2,?,3,2,3,4,4,4,2,3,3,2,3,3,3,4,3,2,4,4,4,4,4,5,3,2,3,3,4,2,5,4,3,3,3,4,?,2,2,2,3,4,2,2,4,0
41,0,6,0,12,1,6,1,7,3,4,4,5,5,3,4,3,2,3,2,3,2,3,3,1,3,3,3,5,4,4,2,1,3,3,4,1,2,1,3,1,2,3,4,2,5,3,3,4,4,1,1,0
44,0,5,1,16,1,6,1,2,4,3,3,3,5,4,5,5,3,3,3,4,4,3,4,1,1,2,1,4,4,4,1,1,1,1,3,1,1,1,1,1,1,1,3,2,2,5,1,3,4,1,1,0
63,0,6,1,35,1,6,1,2,2,3,3,4,4,2,3,3,3,3,2,3,3,2,2,1,2,4,3,4,?,4,2,1,3,2,3,1,3,4,4,4,3,3,3,4,3,5,3,3,3,1,2,0
38,0,5,1,?,1,6,1,2,4,4,4,5,5,?,5,5,4,4,4,4,4,4,4,1,3,2,4,4,4,4,1,2,2,1,4,1,1,1,4,4,2,2,3,2,4,5,3,5,5,?,2,0
54,0,1,1,7,1,6,2,?,3,4,4,4,4,4,5,4,3,3,2,2,3,3,3,1,2,2,4,3,4,4,2,1,3,2,4,1,2,1,5,5,3,3,4,4,4,4,4,5,5,1,1,0
36,0,6,0,6,1,6,2,?,5,3,4,5,4,3,5,4,4,5,4,2,5,3,4,4,2,2,3,5,5,5,3,1,4,5,4,5,5,5,3,2,4,5,3,3,4,2,5,5,5,2,1,0
46,0,6,0,12,1,6,2,?,4,4,5,5,4,4,4,4,4,4,4,2,3,4,4,4,3,4,4,4,4,4,2,4,4,4,4,4,4,2,5,5,4,4,5,5,5,5,3,4,5,1,4,0
42,0,6,1,18,1,6,1,3,3,3,5,5,5,3,4,4,4,4,4,3,4,3,3,3,3,3,3,5,5,5,1,1,3,2,3,1,3,2,4,2,3,3,4,4,4,4,5,4,4,1,3,0
45,0,5,1,15,1,6,1,1,4,3,3,5,4,3,4,4,3,3,3,5,2,2,3,2,1,2,1,3,3,3,1,1,2,2,3,2,2,2,2,1,1,3,3,3,3,3,3,1,5,1,1,0
43,0,6,0,9,1,6,2,?,4,3,3,4,4,3,4,3,4,4,3,5,4,3,3,1,3,4,3,5,4,5,2,1,2,1,3,1,2,1,4,4,2,2,4,5,5,4,2,2,4,1,2,0
47,0,5,0,?,1,6,1,7,2,2,2,3,3,3,3,?,2,3,2,5,3,2,2,2,2,4,2,3,4,4,1,1,2,2,2,4,4,3,3,4,2,2,5,5,5,3,2,2,4,?,2,0
45,0,1,0,4,1,6,1,7,3,2,2,4,4,?,4,4,2,3,3,4,1,1,2,1,?,4,?,3,5,5,2,2,1,1,2,1,2,2,4,2,1,2,3,3,3,3,3,4,4,1,4,0
41,0,1,1,11,1,6,1,4,4,3,3,5,5,4,5,5,2,3,3,3,2,4,3,1,2,3,4,5,5,4,2,1,2,2,3,1,3,2,4,3,3,3,4,4,3,2,4,5,5,1,1,0
39,0,4,0,9,1,6,2,?,4,4,5,4,4,3,5,5,4,4,?,3,4,3,3,3,4,5,5,5,5,5,4,1,5,5,5,4,3,1,5,5,5,5,4,5,5,4,5,5,5,1,4,0
37,0,6,0,3,1,6,2,?,3,3,3,3,3,3,3,3,3,3,3,3,3,3,3,3,3,3,3,3,?,4,3,3,3,3,3,3,3,3,3,3,3,3,3,4,3,3,3,3,3,3,4,0
40,0,1,1,12,1,6,1,2,2,3,2,2,3,4,4,4,2,3,4,5,3,4,3,2,4,4,4,2,2,2,2,3,2,1,3,1,1,1,3,4,2,2,3,3,3,3,3,2,4,3,2,0
69,0,4,0,10,1,6,2,?,3,3,3,3,3,3,3,3,3,3,3,3,3,3,3,3,3,3,3,3,3,3,3,3,3,3,3,3,3,3,4,4,3,3,3,4,3,4,3,3,3,3,3,0
38,0,4,0,4,1,6,2,?,2,3,3,4,4,4,5,5,3,4,4,3,4,3,4,5,3,2,3,5,5,5,3,1,3,3,5,5,3,5,3,3,3,5,5,3,5,3,5,5,3,1,5,0
30,0,6,1,6,1,6,2,?,4,3,4,5,5,5,5,5,4,4,3,3,2,3,3,1,2,2,4,5,5,5,1,1,3,4,4,5,5,5,4,5,3,3,5,5,5,5,5,5,5,4,5,0
34,0,4,1,10,1,6,1,2,5,4,5,5,5,4,5,4,3,4,4,2,2,2,5,1,5,5,5,5,5,5,5,4,5,5,5,5,5,5,3,3,5,5,3,4,4,3,5,5,3,4,5,1
51,0,4,1,23,1,6,1,2,3,3,2,4,3,?,4,4,4,3,2,3,4,?,?,3,3,3,3,5,5,5,2,2,3,3,3,4,4,4,4,4,3,3,5,4,3,4,3,4,3,1,4,0
44,0,6,0,10,1,6,1,3,2,3,2,2,2,3,3,2,1,1,1,1,2,3,2,1,1,1,1,5,4,4,1,2,1,1,1,4,5,3,5,1,3,1,5,5,5,5,3,3,3,2,1,0
44,0,6,1,13,1,6,1,6,2,2,2,4,3,?,2,2,4,4,3,4,3,2,?,1,1,2,2,4,3,4,1,1,2,1,2,1,3,1,1,1,2,2,?,?,?,?,1,2,2,1,1,0
41,0,3,0,10,1,6,1,2,3,4,3,5,5,3,4,4,4,4,4,3,3,4,2,2,4,4,4,4,3,5,2,4,4,4,4,1,2,2,4,5,3,3,4,2,5,3,2,3,3,1,3,1
41,0,1,0,6,1,6,2,?,2,2,3,5,5,5,3,5,2,3,3,3,3,4,4,1,2,2,2,5,4,5,1,1,1,1,2,3,4,4,4,4,1,2,5,3,3,4,2,2,3,1,4,0
47,0,6,0,7,1,6,2,?,4,3,4,5,5,4,5,4,3,4,4,2,3,3,3,4,3,4,3,4,4,5,3,2,4,4,3,2,2,2,5,5,3,3,5,2,2,3,3,4,4,2,3,1
34,0,4,1,12,1,6,2,?,5,5,3,4,4,5,5,4,3,3,3,4,4,4,4,1,4,4,4,5,5,5,2,2,2,1,5,2,3,1,3,1,2,2,4,3,3,4,4,4,4,2,1,0
41,0,2,0,3,1,6,2,?,2,2,2,3,4,4,4,4,2,2,2,3,2,2,2,2,2,3,2,3,3,3,2,2,2,2,3,2,2,3,4,3,2,2,3,2,2,3,2,2,2,2,2,0
42,0,6,1,14,1,6,1,2,2,2,2,4,4,4,3,3,2,2,2,1,3,2,2,1,1,1,2,5,5,5,1,2,2,2,2,3,3,2,1,1,2,2,5,3,2,4,2,4,5,3,3,0
42,0,2,0,6,1,6,2,?,5,4,4,5,5,3,4,4,4,4,4,2,4,4,3,4,4,5,4,5,5,5,4,3,4,4,5,2,2,1,5,3,5,4,4,4,4,4,4,4,4,1,4,0
39,0,4,0,12,1,6,2,?,4,4,4,5,4,3,4,4,3,3,3,3,3,3,3,3,3,3,3,3,3,3,3,3,3,3,3,4,4,4,3,3,3,3,3,3,3,3,4,4,3,3,4,1
51,0,6,1,27,1,6,1,1,3,4,4,5,4,?,3,3,4,4,3,?,3,3,?,2,2,4,?,4,4,4,1,1,2,2,4,2,2,2,4,4,?,3,2,3,2,4,1,1,2,1,1,0
39,0,5,0,3,1,6,2,?,5,5,5,5,5,5,5,5,4,5,4,4,5,5,5,5,5,5,5,5,5,5,4,4,5,5,5,5,5,5,5,5,5,5,5,2,5,4,3,4,5,2,4,0
33,0,3,1,4,1,6,1,7,3,4,5,4,4,3,5,5,4,4,2,4,4,3,3,1,3,2,3,4,3,4,3,1,4,4,4,4,3,1,2,1,3,3,5,3,3,4,4,5,5,1,2,0
55,0,1,0,3,1,6,2,?,5,5,5,5,5,3,5,5,4,4,4,2,5,5,4,3,4,5,5,5,5,5,3,3,4,4,5,1,2,1,?,?,4,4,3,3,3,3,5,5,5,1,3,0
24,0,4,0,?,1,6,1,7,2,2,3,5,4,4,4,4,3,3,2,4,3,2,3,3,3,4,2,5,5,5,2,1,2,2,2,1,2,5,2,2,2,2,4,2,2,4,4,4,4,1,4,0
63,0,6,1,10,1,6,1,2,3,2,2,3,3,3,4,3,2,2,2,5,1,2,3,1,2,1,2,4,4,4,1,1,1,2,3,1,2,2,2,1,2,2,3,3,3,4,1,3,3,1,2,0
53,0,1,1,10,1,6,2,?,5,5,5,5,5,5,5,5,5,4,4,3,4,4,2,2,2,4,3,5,5,5,3,3,4,4,3,4,5,4,5,4,4,4,5,4,5,5,4,4,4,4,4,1
52,0,6,0,7,1,6,2,?,1,1,1,4,2,?,3,1,1,3,2,3,1,1,3,1,2,1,?,4,4,4,1,1,1,1,1,2,4,1,3,3,1,1,4,2,1,2,1,1,3,1,1,0
44,0,6,0,18,1,6,2,?,4,4,5,4,4,3,4,5,4,4,3,3,5,4,5,5,3,4,3,5,5,5,3,2,4,4,5,3,4,3,5,3,4,5,4,3,3,4,4,3,3,1,5,0
48,0,5,0,8,1,6,?,?,3,3,3,5,4,3,3,4,3,4,3,4,3,3,3,2,3,4,3,4,4,4,2,2,2,2,3,3,3,2,4,4,3,3,4,3,4,4,2,3,4,2,2,1
43,0,6,0,20,1,6,1,7,2,2,2,4,3,2,3,3,3,3,3,4,2,1,3,1,2,4,1,4,2,3,1,1,1,1,1,3,2,4,3,1,1,1,2,4,1,2,1,3,4,1,1,0
42,0,4,1,10,1,6,2,?,4,5,4,4,5,3,4,5,4,3,4,2,3,3,3,5,3,4,4,5,4,5,4,4,4,3,5,4,4,2,?,?,?,?,3,2,2,4,5,4,5,2,2,1
41,0,6,0,?,1,6,2,?,4,4,4,5,5,5,4,5,4,4,4,2,3,4,3,3,2,4,4,5,5,5,3,4,3,4,4,3,5,4,5,3,4,4,5,4,5,5,5,5,5,2,5,0
37,0,6,1,7,1,6,1,7,3,4,2,5,4,5,5,5,1,2,2,5,1,4,5,1,1,1,3,5,5,5,1,2,1,1,1,4,5,5,5,3,3,3,5,4,4,5,2,4,4,3,2,0
41,0,6,1,8,1,6,2,?,3,3,4,5,5,2,5,4,4,5,4,2,4,3,2,2,2,3,1,4,4,4,3,3,3,3,3,2,3,2,5,3,3,3,3,4,3,2,3,3,3,2,3,0
41,0,6,1,5,1,6,1,7,3,3,3,5,4,4,5,5,3,2,2,3,3,3,3,1,3,3,3,4,4,5,3,3,3,2,4,2,4,2,3,3,3,2,4,3,2,2,3,3,4,4,2,0
42,0,2,1,5,1,6,2,?,2,2,1,3,2,2,3,2,1,1,1,4,1,2,2,1,1,1,1,2,1,2,1,1,1,1,1,1,1,2,2,1,1,1,1,1,1,1,1,1,1,1,1,0
48,0,5,0,2,1,6,2,?,3,3,3,5,5,4,4,4,3,2,2,4,3,3,4,1,2,2,3,5,5,5,1,1,3,3,3,1,4,1,5,3,3,3,5,5,5,5,3,3,4,1,3,0
35,0,4,0,5,1,6,2,?,2,4,4,4,4,4,4,3,3,4,4,3,4,4,3,3,4,4,3,4,5,4,2,2,4,4,4,2,2,2,3,3,4,4,4,3,4,4,4,4,4,2,4,0
35,0,2,0,10,1,6,2,?,4,4,5,4,4,4,4,4,3,4,3,2,4,4,4,3,3,4,4,5,5,5,4,3,4,4,4,4,4,5,4,3,4,4,4,4,3,4,5,5,5,3,5,1
38,0,1,0,3,1,6,2,?,3,2,4,5,5,5,5,5,4,4,3,3,3,3,2,1,3,3,4,5,5,5,2,1,3,1,3,5,5,3,3,4,2,4,4,4,4,3,3,5,4,2,1,0
28,0,4,0,1,1,6,2,?,1,3,2,5,5,5,2,5,2,2,3,3,1,3,3,2,2,5,3,5,4,4,2,2,3,3,3,2,3,1,4,3,3,3,4,4,4,4,2,3,4,2,2,0
35,0,6,0,4,1,6,2,?,3,3,3,4,4,4,5,5,4,4,4,3,3,4,5,3,2,2,2,5,5,5,2,1,2,2,3,5,5,4,3,1,4,4,3,3,3,4,4,4,4,2,1,1
36,0,3,1,8,1,6,1,5,3,2,2,3,4,4,3,3,3,3,1,4,2,2,3,1,1,3,2,4,4,4,1,1,2,2,2,1,2,1,3,2,1,1,3,3,3,2,3,4,2,1,1,0
46,0,2,1,23,1,6,1,2,4,3,4,4,4,?,4,4,4,4,4,2,2,?,?,1,1,3,1,3,3,4,1,1,3,2,4,1,1,3,2,2,2,2,5,5,5,5,1,3,4,1,1,0
47,0,5,0,7,1,6,2,?,2,2,2,4,4,4,3,3,3,3,3,4,2,2,2,1,3,4,2,3,2,4,1,1,1,1,2,2,2,2,4,3,2,3,3,4,3,3,2,2,3,1,5,0
36,0,2,0,4,1,6,2,?,3,3,3,5,4,3,5,5,4,5,2,3,4,3,3,3,3,3,3,5,5,5,2,1,3,4,4,5,5,5,3,3,4,4,5,5,5,5,2,2,4,1,3,0
34,0,6,0,3,1,6,2,?,5,5,5,5,5,3,5,5,?,?,?,?,?,?,?,2,2,3,3,5,5,5,4,2,3,3,4,3,3,2,4,4,4,5,5,5,4,5,5,5,5,3,1,1
43,0,1,0,7,1,6,2,?,2,3,4,?,5,5,4,5,4,4,4,4,5,3,4,4,3,4,5,5,5,5,4,4,4,4,4,3,3,3,5,5,4,4,5,3,5,3,4,5,5,3,2,1
30,0,6,0,2,1,6,2,?,3,4,3,1,2,3,1,2,?,?,?,?,?,?,?,4,3,3,3,1,1,1,5,5,4,4,4,4,2,4,4,4,3,4,1,1,1,1,2,2,2,5,2,0
32,0,6,1,6,1,6,1,2,4,3,4,5,4,4,2,4,4,3,3,2,4,3,2,2,1,2,2,4,5,5,4,2,3,4,4,3,4,4,4,5,4,4,3,4,4,5,4,4,5,3,2,0
34,0,6,0,6,1,6,2,?,3,4,5,4,4,3,4,4,4,4,3,3,4,4,4,3,3,4,3,5,5,5,3,4,5,5,5,1,4,1,2,3,5,?,3,3,4,4,3,3,4,1,4,1
38,0,4,1,12,1,6,1,2,5,5,5,5,5,3,5,5,5,5,4,3,4,3,3,1,4,5,4,5,5,5,3,1,5,3,5,1,2,2,4,2,4,4,4,4,4,5,3,5,5,1,4,0
42,0,6,0,5,1,6,2,?,2,2,3,4,4,2,5,4,2,2,3,5,1,3,2,3,2,3,3,3,3,4,2,2,2,2,4,2,5,2,4,4,3,3,3,3,4,4,3,4,4,1,4,0
44,0,1,0,15,1,6,2,?,5,3,5,5,5,5,5,5,4,4,2,5,3,3,3,1,3,3,3,5,5,5,3,5,5,5,5,5,5,3,5,3,5,5,5,5,5,3,5,5,5,3,5,0
33,0,6,0,6,1,6,1,6,1,1,2,5,5,3,1,3,3,3,2,3,3,1,1,1,3,4,4,5,5,5,1,1,1,1,1,5,5,5,5,1,1,1,1,1,1,1,1,3,5,1,5,0
42,0,1,1,18,1,6,1,2,2,2,4,5,4,4,4,4,4,3,3,4,2,3,3,1,2,1,2,5,3,5,1,1,2,3,4,5,5,4,2,4,4,3,3,2,2,2,4,5,3,4,1,0
36,0,6,1,8,1,6,2,?,2,3,2,5,4,3,4,4,3,3,4,2,3,3,2,2,1,4,2,5,4,5,2,1,2,1,3,1,3,2,4,4,1,2,4,2,3,4,2,4,5,1,2,0
43,0,6,1,10,1,6,2,?,2,3,3,4,5,3,4,4,3,3,3,2,?,2,3,1,2,4,3,5,5,4,2,2,2,2,2,4,4,4,4,4,3,3,4,3,2,4,4,5,5,1,3,0
45,0,6,0,6,1,6,1,7,3,3,4,5,5,5,4,4,4,5,3,2,4,4,4,2,2,3,2,5,5,5,3,3,3,3,4,5,5,5,4,4,4,4,4,3,5,5,4,5,5,1,?,0
38,0,6,0,8,1,6,2,?,4,4,4,4,4,3,4,4,3,3,3,4,3,3,3,2,2,4,3,4,3,5,2,3,3,3,3,2,2,2,4,4,3,4,4,4,3,3,3,4,5,1,3,0
48,0,1,0,4,1,6,2,?,4,4,4,5,4,4,4,5,3,5,4,4,4,4,5,4,3,1,2,5,5,5,3,4,5,5,3,4,5,5,?,?,?,?,?,?,?,?,4,4,4,3,4,1
57,0,4,0,6,1,6,2,?,4,4,3,5,4,3,4,4,4,3,4,2,3,3,3,1,3,3,3,4,4,5,1,2,2,2,4,2,2,1,4,3,3,2,1,4,3,2,4,5,3,1,1,0
48,0,2,1,26,1,6,1,2,3,3,4,5,5,3,4,4,4,4,3,3,4,3,3,1,3,4,3,5,5,4,2,1,4,3,4,1,3,2,3,3,4,3,4,4,4,3,4,4,5,1,1,0
34,0,6,1,12,1,6,1,2,1,2,2,5,3,3,2,2,1,1,1,2,1,2,2,1,1,4,1,4,5,4,1,1,1,1,1,4,5,5,5,3,1,1,3,1,2,2,1,1,4,1,1,0
50,0,5,1,25,1,6,1,1,4,3,5,5,4,4,4,4,2,3,2,2,2,3,4,1,1,3,?,3,2,5,2,1,2,2,4,1,3,2,2,1,3,3,3,2,2,4,3,2,3,1,4,0
36,0,1,0,11,1,6,2,?,3,4,5,5,4,4,5,5,4,4,2,5,4,3,4,1,3,4,4,5,5,5,2,3,4,4,5,2,3,1,4,4,4,4,2,2,4,4,4,5,5,3,2,1
36,0,3,1,7,1,6,1,7,2,1,3,5,3,4,3,3,2,3,2,5,2,1,3,1,1,4,3,4,2,4,2,1,1,1,1,2,2,3,4,3,1,2,1,1,2,1,1,1,2,1,1,0
29,0,4,0,1,1,6,2,?,5,4,5,4,5,4,4,4,4,5,4,4,3,3,3,4,4,4,4,5,5,5,3,3,3,3,4,4,3,3,5,3,3,4,4,3,3,3,3,4,4,3,2,1
33,0,5,1,6,1,6,2,?,3,4,3,4,4,5,5,5,3,3,3,3,3,4,3,3,1,5,1,5,5,5,2,2,3,1,4,4,4,3,5,5,5,5,5,3,5,5,2,4,4,1,3,0
50,0,6,1,25,1,6,1,1,4,4,4,4,4,4,3,4,3,3,3,3,?,3,?,3,2,2,3,3,5,5,3,5,4,3,4,5,3,5,5,5,4,4,5,5,5,5,4,4,1,?,3,0
44,0,6,1,10,1,6,1,7,2,2,2,5,3,3,2,5,3,3,3,5,3,3,3,1,1,3,3,5,5,5,1,1,1,1,1,1,3,2,5,5,3,2,3,3,2,2,1,3,4,1,4,0
47,0,6,0,10,1,6,1,6,3,3,3,5,4,4,4,4,3,3,3,4,?,3,3,3,3,3,3,3,3,3,2,1,3,3,3,3,3,3,3,3,3,3,4,4,4,4,1,2,3,2,1,0
49,0,6,0,4,1,6,2,?,2,2,3,4,4,3,3,4,4,3,3,4,3,4,3,2,2,4,3,5,5,5,2,1,1,2,2,2,3,1,4,4,2,2,3,4,4,4,2,4,4,1,4,0
39,0,5,1,10,1,6,1,2,4,4,3,4,3,2,4,3,2,3,2,3,3,3,3,1,2,2,2,4,4,4,3,4,2,2,4,1,4,4,3,5,3,3,4,2,3,5,3,3,3,2,3,1
60,0,6,0,7,1,6,2,?,3,3,4,3,3,2,3,3,2,2,2,4,2,2,2,2,5,4,?,2,2,4,1,1,2,2,2,?,2,2,5,5,4,4,3,3,3,3,2,2,2,1,1,0
56,0,4,0,4,1,6,2,?,4,3,4,3,2,2,3,3,4,4,3,3,4,3,3,4,4,5,4,5,5,5,2,2,4,4,5,2,4,3,5,5,5,5,4,4,3,3,4,4,2,1,4,0
46,0,5,0,20,1,6,2,?,3,2,2,3,3,3,3,3,4,3,3,3,4,3,3,3,4,3,3,2,3,3,3,3,4,3,2,4,4,4,2,2,3,3,3,3,2,3,3,2,3,2,3,0
41,0,6,1,12,1,6,2,?,4,4,4,4,4,4,4,4,3,3,3,4,3,4,4,3,3,4,3,5,5,5,3,2,3,3,4,5,5,5,3,2,3,3,4,4,4,4,4,4,5,3,2,0
45,0,4,1,18,1,6,1,3,3,2,3,3,3,3,2,2,3,4,2,2,2,1,2,2,2,4,2,2,2,3,3,1,3,2,2,1,1,1,2,1,1,1,1,2,3,2,3,2,2,1,1,0
28,0,4,0,4,1,6,2,?,5,5,5,?,5,5,5,5,5,5,5,1,5,5,5,1,5,5,5,5,5,5,5,5,5,5,5,5,5,5,5,1,5,5,5,5,5,5,5,5,5,1,1,0
49,0,1,1,5,1,6,2,?,2,3,3,4,4,4,3,2,3,3,3,3,2,2,2,1,2,4,2,4,3,4,2,?,2,2,2,2,1,2,4,3,2,2,3,3,3,2,3,3,2,1,2,0
39,0,1,1,6,1,6,2,?,1,1,2,5,3,3,2,3,2,2,2,5,1,3,3,1,3,1,3,5,5,5,1,2,2,1,3,1,1,3,5,5,2,1,5,3,5,5,2,1,3,1,2,0
37,0,4,0,5,1,6,2,?,5,5,5,5,5,5,5,5,5,5,5,5,5,5,5,5,5,5,5,5,5,5,5,5,5,5,5,5,5,5,5,5,5,5,5,5,5,5,5,5,5,5,5,1
54,0,6,0,3,1,6,2,?,5,3,4,3,4,1,2,2,1,2,3,4,1,3,4,1,2,2,2,4,2,5,1,2,2,2,3,3,4,1,2,2,2,2,5,3,5,5,4,4,4,2,2,1
46,0,6,1,7,1,6,2,?,5,5,5,5,2,?,?,3,2,2,2,5,3,4,1,1,1,2,?,5,5,5,2,1,3,?,1,1,1,3,5,1,3,1,1,1,3,3,3,2,5,1,1,0
46,0,6,1,10,1,6,2,?,1,2,3,5,3,5,4,3,3,3,2,4,3,2,3,1,4,5,3,5,5,5,1,1,2,2,3,1,2,4,5,5,2,2,2,2,3,2,2,4,3,3,2,0
41,0,4,0,5,1,6,2,?,4,4,5,4,4,3,4,4,3,3,3,2,3,3,3,5,3,2,3,4,4,4,4,3,4,4,4,1,3,4,5,3,4,4,4,4,4,5,5,4,4,1,1,0
35,0,6,1,5,1,6,1,4,2,2,2,4,4,?,4,3,4,4,2,4,3,2,?,1,3,2,?,4,4,4,2,1,1,2,4,2,2,2,1,1,2,?,4,3,4,4,2,3,4,1,1,0
38,0,6,1,12,1,6,1,2,3,4,3,4,4,3,3,3,3,3,2,1,2,3,3,1,2,2,3,2,3,4,1,2,3,3,3,1,1,1,2,1,2,2,4,3,3,5,2,2,4,1,2,0
28,0,6,0,5,1,6,1,7,4,4,4,4,4,4,4,4,4,4,4,4,4,4,4,4,4,4,4,4,4,4,4,4,4,4,4,4,4,4,4,4,4,4,4,4,4,4,4,4,4,4,4,0
49,0,6,0,1,1,6,2,?,3,4,2,3,2,4,4,3,3,3,2,2,2,3,2,2,2,2,2,3,3,3,3,3,3,3,3,2,2,2,5,4,3,3,5,4,4,4,3,3,4,2,2,0
42,0,1,0,8,1,6,2,?,4,3,4,5,5,4,5,4,4,4,3,4,3,4,3,3,3,4,4,5,5,5,3,2,4,3,4,3,4,4,5,5,4,4,5,2,3,5,2,3,4,3,4,1
44,0,4,1,22,1,6,1,2,4,3,4,4,4,3,3,4,3,4,2,4,3,4,3,2,2,3,3,4,3,4,2,1,2,2,3,1,4,2,3,4,2,2,3,3,2,2,3,3,3,2,4,0
31,0,6,0,5,1,6,2,?,3,2,3,5,4,4,4,4,4,4,4,3,4,4,4,2,2,5,2,5,5,5,1,1,4,4,4,5,5,5,5,3,3,4,5,5,4,5,4,?,5,1,1,1
32,0,6,1,3,1,6,1,3,5,5,5,5,5,5,3,5,3,4,3,3,3,4,4,3,3,3,4,4,4,4,1,1,2,2,4,3,3,3,4,5,4,3,3,4,4,2,2,5,5,1,4,0
34,0,5,1,8,1,6,1,7,4,4,4,5,4,4,4,4,3,3,4,5,3,3,2,1,4,2,4,5,5,5,1,1,4,4,4,?,2,1,5,4,4,4,5,5,5,5,4,5,3,1,1,0
34,0,2,0,3,1,6,2,?,4,4,4,5,4,4,5,4,3,4,3,3,3,2,2,2,3,3,3,4,4,5,2,3,4,4,4,2,3,1,4,?,?,?,?,?,?,?,4,4,4,2,1,0
29,0,2,0,1,1,6,2,?,4,3,3,4,5,4,5,5,4,4,2,5,3,4,3,1,2,3,3,5,5,5,1,1,2,2,2,1,3,2,5,3,3,2,5,4,3,2,1,4,3,1,4,0
36,0,4,1,12,1,6,1,6,5,5,5,5,5,4,5,5,4,5,4,3,4,4,4,1,2,2,1,5,5,5,3,1,5,3,5,1,5,5,4,1,3,3,3,4,3,4,4,4,4,1,2,0
42,0,1,0,9,1,6,1,6,2,2,1,5,5,3,4,4,3,3,3,5,3,?,?,1,2,3,1,3,3,4,1,1,1,1,2,2,4,2,3,4,2,2,4,5,5,3,2,2,3,1,4,0
33,0,4,0,2,1,6,2,?,5,5,5,5,3,3,4,4,4,4,4,4,5,3,4,3,5,4,5,5,5,5,1,1,3,3,5,2,2,1,5,5,3,2,3,3,3,3,4,5,5,1,2,0
44,0,5,0,4,1,6,2,?,5,5,5,5,5,5,5,5,3,3,3,5,3,3,3,3,3,3,1,5,5,5,1,1,3,3,3,1,1,1,3,3,3,3,5,5,5,5,1,1,1,1,1,0
34,0,4,0,11,1,6,2,?,2,3,3,5,4,4,2,4,3,3,3,3,3,3,4,4,4,4,4,5,5,5,2,2,3,3,4,2,2,2,3,3,3,3,5,4,4,4,3,3,3,2,2,0
53,0,5,1,25,1,6,1,1,4,4,4,4,4,?,4,4,3,3,3,3,3,3,3,3,2,2,2,3,4,4,3,3,3,3,3,3,4,4,4,4,3,3,4,3,3,3,3,3,3,3,3,0
42,0,5,1,15,1,6,1,2,2,3,3,5,3,3,4,4,3,3,2,2,3,3,2,1,2,3,4,5,5,5,2,3,3,2,3,4,4,4,4,4,2,3,3,4,4,4,3,4,4,1,3,0
35,0,2,1,5,1,6,2,?,3,3,4,5,3,4,4,3,4,4,3,4,2,3,2,1,3,4,3,3,3,4,1,2,2,2,4,1,4,1,4,2,2,3,3,3,3,3,2,3,4,1,4,0
41,0,4,0,3,1,6,1,6,2,1,1,3,2,4,3,2,1,1,2,2,1,1,2,1,2,4,4,1,1,1,2,1,1,1,1,2,1,1,2,4,1,3,1,1,2,?,1,1,1,3,2,0
45,0,6,1,16,1,6,1,2,3,4,4,5,4,?,4,5,4,4,3,4,3,?,?,2,3,2,3,5,5,5,1,1,4,4,5,1,5,5,1,1,4,4,5,3,2,3,4,5,5,1,1,0
44,0,1,1,5,1,6,2,?,4,4,4,4,3,3,3,4,3,4,3,3,3,3,3,2,3,2,2,4,4,5,3,3,4,4,3,2,3,3,4,2,4,3,3,3,3,3,3,3,4,3,4,0
43,0,5,1,10,1,6,1,7,3,3,2,5,4,2,4,4,2,2,2,4,3,3,2,1,3,5,3,5,5,5,1,1,2,2,4,3,5,5,5,5,3,2,3,2,4,3,3,4,3,1,4,1
33,0,1,0,3,1,6,2,?,3,3,4,4,4,2,4,4,4,4,4,2,4,3,3,4,3,3,4,4,5,4,4,3,4,4,4,3,4,4,4,3,4,4,4,4,4,4,4,4,5,2,4,0
33,0,5,1,10,1,6,1,2,2,2,2,2,2,4,4,4,2,2,2,2,1,2,2,1,2,2,2,2,2,4,1,1,2,2,2,1,2,2,2,2,2,2,2,2,2,2,2,2,2,1,1,0
33,0,3,0,5,1,6,1,7,3,4,4,4,5,5,5,5,3,3,3,3,2,3,4,1,1,2,2,5,5,5,1,1,1,1,1,1,5,2,5,5,3,2,3,2,4,5,3,4,5,1,2,0
58,0,4,1,30,1,6,1,2,3,2,3,4,4,5,2,3,2,3,3,3,3,2,3,2,3,4,3,4,3,3,3,1,2,2,4,2,2,2,4,3,2,2,2,4,4,4,2,3,3,1,1,0
43,0,5,0,8,1,6,2,?,4,4,4,5,4,4,4,4,3,3,3,5,4,3,3,3,3,3,4,4,4,4,3,2,3,3,4,3,4,4,3,3,3,3,3,4,4,4,3,4,3,1,2,0
38,0,4,0,3,1,6,2,?,4,4,4,4,4,3,3,3,4,3,3,2,3,3,3,1,3,4,4,4,4,4,1,1,4,4,4,1,1,1,3,3,4,4,4,3,3,3,4,3,4,1,4,0
36,0,1,0,3,1,6,2,?,3,3,3,5,5,4,4,4,1,4,2,2,2,3,3,1,2,3,3,3,4,4,2,2,2,3,3,2,2,2,4,4,3,3,3,2,2,4,3,4,5,2,5,0
45,0,4,0,1,1,6,2,?,2,4,4,4,4,3,4,4,4,4,3,4,4,3,3,2,3,3,5,4,4,4,3,1,4,4,4,1,1,1,4,3,4,4,2,2,2,2,4,4,4,1,1,0
42,0,1,1,10,1,6,2,?,3,3,3,5,5,3,4,4,4,4,3,2,3,3,3,1,2,4,3,5,5,5,1,1,1,1,2,1,1,1,5,5,3,3,3,3,3,3,2,2,4,1,3,0
42,0,6,0,8,1,6,1,7,4,3,4,4,3,3,4,4,3,4,3,3,4,4,4,3,3,4,3,4,4,4,4,4,3,3,4,2,4,4,5,5,3,4,4,4,4,4,4,4,3,4,4,0
39,0,4,1,10,1,6,1,6,5,5,5,5,5,?,5,4,5,4,4,4,4,?,?,2,3,3,4,5,4,5,5,1,4,4,5,1,2,2,4,2,3,5,5,5,5,5,5,5,5,1,2,0
62,0,1,0,4,1,6,1,3,4,4,3,4,4,?,5,5,2,3,5,3,2,4,4,2,5,4,5,5,5,5,?,?,3,5,3,1,3,1,5,5,3,4,5,5,5,5,?,?,?,?,?,0
42,0,5,1,16,1,6,1,2,2,3,4,5,3,?,3,3,3,4,3,3,3,3,?,2,1,2,2,3,3,4,2,2,3,3,3,1,5,3,4,4,3,3,3,3,2,3,4,4,4,1,2,0
44,0,1,0,3,1,6,2,?,2,3,3,4,4,4,3,3,4,4,4,3,3,4,3,3,3,4,3,3,4,4,3,1,2,2,3,2,1,3,4,3,2,2,4,3,4,4,3,4,4,2,4,1
36,0,1,0,3,1,6,2,?,4,3,3,5,5,3,3,4,3,3,3,4,3,3,2,2,2,3,3,5,5,5,2,3,3,3,3,3,4,4,3,3,4,4,4,4,3,3,3,4,4,1,3,0
34,0,4,0,5,1,6,1,7,3,3,4,4,5,4,5,3,4,3,2,2,4,?,?,3,2,2,3,5,4,4,3,2,4,4,4,4,5,2,3,2,4,4,5,4,2,4,3,4,5,4,1,1
57,0,6,1,25,1,6,1,2,2,2,2,5,4,3,3,3,3,3,3,5,2,3,3,1,2,2,3,?,3,3,1,1,3,1,2,2,2,1,3,3,2,2,4,3,4,3,2,2,1,1,2,0
49,0,6,1,5,1,6,2,?,2,2,3,5,3,?,3,2,2,2,2,2,2,1,?,1,?,3,?,5,5,5,1,1,1,1,2,5,3,3,3,?,1,2,3,1,3,5,3,3,3,1,1,0
30,0,4,0,1,1,6,2,?,4,5,4,5,5,5,5,5,2,3,3,2,1,3,3,1,2,5,2,4,4,2,1,1,3,1,4,2,3,3,5,3,3,3,4,5,2,5,2,4,4,2,1,0
50,0,6,0,9,1,6,1,7,4,4,5,4,4,4,5,4,5,4,4,4,4,3,3,3,3,4,5,5,5,5,5,4,5,5,5,3,5,3,4,3,5,5,5,4,4,5,5,5,5,4,4,1
29,0,6,0,2,1,6,2,?,3,3,4,4,2,3,4,4,4,4,2,5,4,3,3,1,2,2,2,5,5,5,2,1,1,2,3,3,4,3,2,2,3,3,3,3,3,4,4,4,4,1,1,0
38,0,6,0,7,1,6,1,7,3,3,4,4,3,2,3,2,3,3,3,2,3,2,3,2,2,2,3,2,3,2,3,2,2,3,2,3,3,3,5,?,3,3,5,3,3,4,2,3,2,3,3,0
38,0,5,1,15,1,6,1,2,3,3,4,4,4,?,5,4,4,4,4,4,3,3,?,1,3,2,3,3,3,4,?,?,4,3,4,1,1,2,3,3,3,3,3,5,3,3,3,4,3,1,?,0
50,0,6,1,13,1,6,2,?,3,3,3,3,3,3,3,3,3,3,3,3,3,3,3,3,3,3,3,3,3,3,3,3,3,3,3,3,3,3,5,5,3,3,3,3,3,3,3,3,3,3,3,0
34,0,6,1,10,1,6,1,4,3,3,3,5,5,2,3,5,2,2,1,4,2,3,3,1,3,3,3,3,4,4,1,1,2,2,3,1,3,2,2,2,2,2,3,4,3,2,2,2,2,1,1,0
50,0,6,1,10,1,6,1,4,1,1,2,2,5,5,3,3,1,1,2,2,3,1,1,2,3,2,3,3,3,3,1,1,2,2,1,2,1,1,4,3,3,2,1,1,1,1,2,2,1,1,1,0
47,0,4,0,2,1,6,2,?,4,4,5,4,4,4,5,4,4,3,4,3,4,3,3,4,5,4,4,4,5,5,3,2,5,5,4,3,3,2,5,5,4,4,4,2,3,3,4,4,5,2,3,1
34,0,6,0,4,1,6,2,?,3,2,4,5,3,3,4,4,2,2,2,4,4,2,2,2,1,3,4,5,4,5,2,1,3,3,3,4,5,3,4,5,3,3,5,4,4,4,3,4,4,1,2,0
46,0,6,0,15,1,6,1,6,3,4,4,5,5,4,5,5,4,4,4,4,5,4,3,3,5,4,4,4,5,5,2,1,4,4,4,2,3,3,3,2,3,4,5,5,5,4,3,3,5,3,3,0
28,0,4,0,2,1,6,2,?,4,3,4,5,5,4,4,4,3,3,3,2,3,3,3,2,3,4,3,4,4,4,1,1,3,3,4,1,3,1,3,3,3,3,4,3,2,3,3,3,3,1,1,0
35,0,6,1,7,1,6,1,3,2,3,3,5,4,4,4,4,3,3,3,3,2,3,3,1,4,4,2,5,5,5,3,1,1,1,2,1,1,1,5,5,5,5,4,4,4,5,4,4,4,1,1,0
57,0,4,0,3,1,6,2,?,2,2,2,5,3,4,4,3,2,2,2,4,3,2,4,2,2,3,2,4,4,4,1,1,2,2,2,2,2,2,4,3,2,2,4,4,4,4,1,1,1,1,4,0
44,0,6,1,14,1,6,1,7,3,3,3,4,3,?,4,3,3,3,3,2,?,1,?,2,1,3,3,5,5,5,2,1,3,3,3,1,2,1,2,1,2,2,3,3,3,3,3,3,3,1,2,0
43,0,6,0,3,1,6,?,?,3,?,3,4,4,3,3,3,3,3,?,4,2,3,3,3,3,2,2,5,5,5,1,1,3,3,4,4,4,5,5,5,3,3,3,4,4,3,?,3,4,1,2,0
35,0,6,0,3,1,6,2,?,3,4,4,4,4,3,4,4,3,3,2,2,3,2,3,1,2,3,3,5,5,5,1,2,3,?,3,3,2,2,4,3,3,3,3,3,3,3,2,2,3,2,3,0
46,0,5,1,5,1,6,1,7,5,4,5,4,4,5,5,4,3,4,3,3,3,3,?,3,3,3,3,5,5,5,2,3,3,3,3,3,5,4,4,4,4,4,5,5,5,5,4,3,2,2,3,0
39,0,4,0,3,1,6,2,?,3,4,4,5,5,3,5,5,3,3,3,5,3,?,3,2,2,3,2,4,4,4,2,5,3,3,3,2,2,2,4,3,3,3,3,4,3,3,3,3,5,1,5,1
36,0,4,0,5,1,6,2,?,3,3,3,3,3,3,4,3,3,3,3,3,2,3,3,2,3,3,3,3,3,4,1,1,3,3,3,2,3,3,4,4,3,3,3,2,3,3,3,3,3,1,3,0
36,0,4,0,2,1,6,1,7,4,4,5,5,5,?,4,4,4,4,4,5,4,3,3,2,3,2,3,3,5,5,1,1,1,1,4,1,1,1,3,3,2,1,4,5,4,5,4,5,4,1,1,0
28,0,4,0,1,1,6,2,?,3,2,5,4,3,4,4,4,4,4,3,2,2,2,2,4,3,4,5,4,5,5,3,2,4,4,4,5,5,1,5,5,5,5,3,3,3,3,4,4,3,1,2,0
37,0,1,1,4,1,6,2,?,3,3,1,1,2,1,1,2,2,2,2,3,3,3,2,4,2,2,2,1,1,2,3,1,3,4,1,5,4,5,1,2,3,3,1,2,3,2,4,4,2,3,2,0
26,0,4,0,3,1,6,2,?,3,4,5,5,4,4,5,5,4,4,3,3,4,4,3,4,5,5,5,5,5,5,3,4,5,5,5,2,2,4,4,3,4,4,4,3,2,3,4,4,4,2,5,0
40,0,6,0,3,1,6,2,?,2,2,2,4,4,?,3,3,2,3,3,3,4,3,3,1,3,3,3,4,3,4,1,1,1,1,3,1,1,1,3,3,3,?,4,4,4,3,1,1,2,1,1,0
29,0,6,0,3,1,6,2,?,4,4,4,5,5,3,5,4,4,4,2,3,3,3,3,5,3,3,3,4,5,5,4,1,4,4,4,1,4,1,5,4,4,3,4,1,1,1,4,4,5,1,1,0
51,0,1,0,8,1,6,2,?,3,4,5,3,5,3,4,4,3,4,3,3,3,3,3,1,4,3,4,4,3,5,4,3,4,4,3,1,1,1,4,4,4,4,5,5,5,4,4,4,2,2,4,0
33,0,5,1,3,1,6,1,4,3,3,3,3,3,3,3,3,2,2,2,2,2,2,2,3,3,3,3,3,3,3,3,3,3,3,3,3,3,3,4,3,3,3,3,3,3,3,3,3,3,3,3,0
34,0,6,0,3,1,6,1,7,2,1,2,4,3,3,2,3,3,3,3,5,3,3,3,1,1,3,1,3,4,4,1,1,1,1,2,1,1,1,1,1,1,1,3,3,3,3,1,2,4,1,1,0
32,0,6,1,6,1,6,1,3,?,2,4,5,4,1,2,4,4,4,4,4,1,2,2,1,2,2,4,5,5,5,1,1,1,1,3,1,3,3,5,4,2,2,4,2,1,1,3,4,3,1,1,0
37,0,4,0,?,1,6,2,?,4,4,4,5,5,?,5,5,4,4,4,3,4,3,?,4,4,3,4,4,3,4,2,1,4,4,4,1,1,1,4,3,3,3,4,4,3,3,2,4,4,1,1,0
51,0,5,1,15,1,6,2,?,3,2,3,3,3,4,4,4,3,4,3,3,4,3,3,3,2,3,2,4,5,5,3,3,3,3,3,5,5,5,4,3,3,3,5,3,5,4,3,4,4,4,5,1
41,0,2,1,16,1,6,1,2,3,4,5,5,4,4,5,5,4,3,2,1,4,3,3,4,3,5,4,5,5,5,4,2,4,4,5,1,3,3,2,1,4,4,5,5,5,5,4,4,4,1,2,0
48,0,6,0,15,1,6,1,7,1,1,2,4,4,3,2,3,2,2,2,4,2,3,3,1,?,?,?,?,?,?,1,1,1,1,?,1,3,2,3,3,1,1,3,1,4,3,1,1,3,1,1,0
45,0,5,1,19,1,6,2,?,3,2,2,4,3,3,5,4,3,2,1,5,1,?,?,1,1,5,2,5,5,5,1,1,1,2,2,1,4,1,5,5,2,2,5,5,5,4,1,3,3,1,1,0
33,0,6,1,8,1,6,1,2,3,3,2,4,5,4,5,4,4,5,5,5,4,3,4,1,1,2,1,4,5,5,4,1,1,1,4,1,2,2,4,4,4,3,5,5,5,5,2,4,5,1,1,0
40,0,5,0,8,1,6,1,6,3,3,2,4,5,4,4,5,2,3,1,4,3,3,4,2,1,5,3,5,4,5,1,1,1,1,1,1,5,5,5,5,2,2,4,3,2,2,1,2,2,1,1,0
64,0,2,1,30,1,6,2,?,3,3,5,5,4,4,4,4,4,4,4,2,3,3,2,5,4,4,4,4,5,5,4,1,5,5,4,1,2,3,4,4,4,4,?,?,?,?,4,4,2,1,4,0
48,0,1,0,2,1,6,2,?,4,4,4,5,4,3,4,4,3,3,3,3,3,3,3,3,2,4,3,4,4,5,3,3,4,3,3,1,3,1,3,4,3,3,5,4,5,4,4,4,4,2,2,0
41,0,6,1,4,1,6,1,7,1,1,3,5,5,3,3,3,3,3,3,3,4,3,3,1,1,4,2,4,5,5,2,2,3,2,3,1,2,3,3,2,2,2,3,3,3,3,3,3,3,2,1,0
32,0,1,0,2,1,6,2,?,2,2,3,4,4,3,3,4,2,2,2,4,2,3,3,1,2,3,3,4,4,5,2,2,2,2,?,4,5,3,4,4,3,3,3,3,3,3,3,4,5,4,3,0
50,0,6,0,3,1,6,2,?,3,3,4,4,4,4,4,4,3,4,3,3,2,4,4,3,4,4,4,4,4,4,2,3,4,4,4,4,?,4,4,4,4,4,5,3,3,3,4,4,4,1,5,0
36,0,2,0,8,1,6,2,?,3,2,4,4,4,3,2,2,5,5,4,1,5,2,3,3,3,3,4,5,5,5,2,2,2,3,4,1,2,1,3,3,2,3,3,3,3,3,4,4,3,1,2,0
54,0,1,0,1,1,6,2,?,4,4,4,4,4,?,4,3,3,?,4,2,3,?,?,2,3,4,4,5,5,5,2,2,3,2,4,2,2,1,5,5,3,3,5,5,5,5,4,3,4,1,3,0
35,0,1,0,3,1,6,2,?,2,2,3,3,3,4,3,3,3,2,2,2,2,2,3,1,3,3,3,4,4,4,2,2,2,2,2,4,4,3,4,3,2,2,4,4,4,3,2,2,3,4,2,1
35,0,1,1,6,1,6,1,7,5,5,5,5,5,3,5,3,4,4,4,1,4,4,3,1,3,3,3,5,4,5,5,1,4,4,5,1,3,1,1,1,5,5,5,3,3,5,4,3,1,1,1,0
32,0,1,0,1,1,6,1,6,4,5,4,5,5,3,5,5,4,4,4,2,4,4,3,3,4,4,4,4,5,5,1,1,3,3,5,2,4,1,3,4,4,3,5,5,5,5,5,5,5,1,5,0
52,0,3,0,1,1,6,2,?,4,2,2,5,4,3,2,3,3,4,3,3,3,4,3,2,2,4,2,4,2,4,2,3,2,2,3,2,2,3,3,3,3,2,4,3,4,4,4,4,4,2,2,0
39,0,1,0,7,1,6,2,?,3,3,3,5,5,4,5,5,4,4,4,3,3,3,3,2,3,4,3,3,3,4,3,1,3,3,3,1,2,1,4,4,3,3,5,5,5,2,4,5,5,1,5,0
56,0,5,1,28,1,6,1,2,2,2,2,4,3,?,4,3,3,3,1,5,2,3,?,1,2,4,2,5,4,5,1,1,2,1,3,3,3,3,3,2,2,2,4,3,2,3,2,2,3,1,4,0
32,0,2,0,?,1,6,2,?,3,4,5,5,4,5,5,3,4,4,4,5,4,5,5,3,5,5,5,5,5,5,2,3,4,4,5,2,2,5,3,3,3,3,5,3,3,1,4,4,4,1,3,0
39,0,5,1,4,1,6,1,7,3,3,1,5,4,3,5,4,2,2,2,4,2,2,4,2,2,2,3,4,4,5,2,2,2,2,2,4,5,4,4,4,2,2,4,2,2,2,2,4,4,4,2,1
54,0,4,0,1,1,6,2,?,4,4,3,5,5,5,4,3,2,3,3,3,3,4,4,2,3,3,4,2,3,3,3,3,3,3,3,?,4,4,4,4,3,3,4,5,4,5,2,3,4,4,2,0
50,0,5,0,15,1,6,1,6,3,3,2,3,3,2,3,3,2,3,2,4,3,2,3,2,2,2,3,3,3,3,2,1,2,2,3,1,3,1,2,2,2,2,4,3,3,3,3,3,3,1,2,0
43,0,4,0,5,1,6,2,?,3,4,3,3,4,2,2,2,2,2,2,3,2,3,2,1,3,4,2,4,2,4,1,1,1,1,2,2,4,4,?,?,1,1,1,1,1,1,3,3,2,1,1,0
33,0,1,0,?,1,6,2,?,2,3,2,5,4,4,4,3,2,4,3,3,3,3,4,1,2,4,3,?,4,4,1,1,2,1,3,1,1,1,5,5,3,2,4,3,2,2,1,2,2,1,1,0
49,0,6,1,27,1,6,1,2,2,3,3,3,2,3,?,3,4,4,3,3,3,3,3,2,3,3,3,4,3,4,2,2,3,3,3,1,2,1,4,4,3,3,3,3,2,2,2,2,2,2,2,1
46,0,6,1,20,1,6,1,2,2,2,2,4,4,3,3,2,4,3,3,2,2,3,3,1,1,4,1,4,3,4,1,1,2,2,4,1,1,1,3,1,3,2,1,1,1,1,2,3,1,1,1,0
49,0,4,0,17,1,6,2,?,4,5,5,5,3,3,4,4,3,3,3,3,3,3,3,2,3,5,3,5,3,5,2,3,3,3,3,3,3,4,4,3,3,3,3,3,3,4,3,4,4,2,5,0
43,0,4,1,17,1,6,1,1,2,2,3,4,3,?,2,2,2,3,2,3,2,1,?,1,1,2,1,3,3,3,1,1,1,1,1,1,2,1,4,1,1,1,2,4,3,2,1,1,2,1,1,0
50,0,6,1,25,1,6,1,1,3,3,3,4,4,3,3,4,2,3,2,3,2,2,3,1,2,3,2,4,4,4,1,1,2,2,3,1,3,1,3,2,2,2,4,4,3,4,2,3,4,1,1,0
52,0,5,1,30,1,6,1,2,4,4,5,4,4,2,2,3,4,4,3,3,2,?,?,1,1,3,1,5,5,4,3,3,5,?,4,1,1,3,1,1,3,4,4,4,1,4,3,4,4,1,1,0
52,0,2,1,22,1,6,1,2,4,?,4,4,4,3,4,4,3,3,2,4,3,4,3,2,2,3,2,4,4,5,1,1,3,2,4,1,4,3,3,3,3,3,5,5,4,5,2,2,2,1,1,0
55,0,1,0,12,1,6,2,?,3,4,4,4,4,3,3,3,3,3,3,3,3,2,2,4,3,5,5,5,5,5,3,1,5,4,5,3,3,3,4,2,5,5,3,4,3,5,5,5,5,5,2,1
58,0,6,1,15,1,6,2,?,2,2,2,2,3,2,3,2,2,3,3,2,1,2,2,1,2,1,2,3,2,2,1,1,1,1,4,1,2,1,2,1,1,1,3,3,1,4,2,3,4,1,1,0
55,0,3,0,20,1,6,2,?,3,3,3,4,?,?,3,3,3,3,3,4,3,2,?,2,?,?,2,3,3,4,1,1,2,2,3,?,2,3,4,4,?,?,5,4,4,5,2,2,?,1,4,0
56,0,4,1,23,1,6,1,2,3,3,4,4,3,3,4,4,2,3,3,4,3,3,3,2,2,4,4,4,4,5,2,2,2,3,4,4,1,4,5,4,3,2,4,2,3,3,4,5,2,1,4,0
46,0,1,0,15,1,6,2,?,4,4,4,3,3,3,3,3,4,4,4,4,4,5,4,4,4,3,4,5,5,5,4,4,4,4,4,4,4,5,2,2,4,4,4,2,4,4,4,4,4,3,4,0
51,0,1,0,15,1,6,2,?,4,3,3,4,4,4,4,4,3,3,3,3,3,3,3,2,3,5,3,4,4,5,2,2,3,3,4,2,5,3,4,3,4,4,4,4,5,?,4,4,4,4,2,0
67,0,4,1,30,1,6,1,3,2,2,2,4,3,3,4,4,3,3,3,4,3,2,?,1,3,2,3,4,4,4,2,1,1,2,3,1,1,1,3,2,3,?,3,2,1,1,3,4,4,1,1,0
59,0,6,0,25,1,6,1,3,2,3,2,3,2,3,2,2,2,2,2,5,3,2,3,1,3,3,2,3,3,3,1,1,1,1,2,2,2,1,1,1,2,2,1,1,1,1,1,1,3,2,2,1
52,0,6,1,22,1,6,1,2,2,2,3,5,4,2,2,4,1,2,2,4,3,3,3,1,2,5,4,5,4,5,3,1,1,1,2,1,1,3,2,2,1,1,3,5,5,5,1,1,1,1,1,0
50,0,2,1,20,1,6,1,2,4,4,2,4,4,?,5,5,3,4,4,2,?,4,?,?,2,4,3,3,2,5,1,1,?,?,4,?,?,?,2,2,4,3,4,4,4,5,1,4,5,1,1,0
50,0,3,1,20,1,6,1,2,2,2,3,4,3,?,3,2,3,3,2,4,2,?,?,1,2,3,?,4,2,3,1,1,1,1,1,1,2,1,2,2,1,1,5,5,5,1,2,2,2,1,1,0
40,0,6,1,10,1,6,2,?,3,1,2,5,3,1,1,3,1,3,2,3,?,1,1,1,1,5,1,5,5,5,1,1,1,1,1,1,1,1,?,?,?,?,1,5,5,5,1,1,4,1,1,0
45,0,3,1,20,1,6,2,?,4,4,4,5,5,4,5,5,4,3,4,2,4,3,3,3,3,4,4,4,4,4,3,3,3,2,4,1,4,1,4,4,4,4,4,4,4,4,4,4,5,1,4,0
46,0,6,0,7,1,6,1,6,2,3,2,4,4,4,3,4,4,4,3,3,3,3,2,4,4,3,2,4,5,5,2,1,4,4,3,5,5,5,4,2,3,4,4,4,3,1,4,4,5,2,3,1
38,1,6,1,15,1,6,1,4,3,5,3,3,3,4,3,4,2,2,1,2,4,3,4,2,2,4,3,4,5,5,2,2,2,2,2,3,4,4,4,2,3,3,3,3,3,3,2,2,3,3,2,0
47,1,6,0,2,1,6,2,?,3,3,3,4,4,3,4,3,3,4,3,3,4,4,4,3,3,4,4,4,5,5,3,3,3,3,3,3,2,4,3,4,3,3,4,3,3,4,3,4,4,1,5,1
39,1,6,0,15,1,6,2,?,4,3,3,5,3,3,4,5,3,3,3,3,2,3,4,4,2,4,4,5,5,5,4,4,3,4,3,5,5,5,5,5,3,4,5,3,4,3,4,4,4,2,4,0
48,1,6,0,7,1,6,2,?,4,4,5,5,5,2,5,5,4,3,3,3,3,3,2,1,4,2,4,3,4,5,1,1,3,3,3,3,4,1,5,1,3,3,1,1,1,1,1,4,4,1,1,0
58,1,5,1,7,1,6,2,?,2,2,2,5,5,5,5,5,3,3,3,2,2,2,3,1,2,2,1,3,3,4,1,1,1,1,1,4,4,3,3,2,2,2,?,?,?,5,1,1,5,1,1,0
38,1,6,0,5,1,6,2,?,2,3,2,4,3,4,4,4,2,3,2,4,2,2,3,1,1,2,2,2,3,3,1,1,2,1,2,1,3,2,4,3,3,2,2,4,3,4,2,4,2,1,3,0
49,1,1,0,15,1,6,2,?,4,5,5,5,4,?,4,4,5,5,4,1,?,?,?,2,4,3,4,5,5,5,3,1,4,4,5,3,5,5,4,?,4,4,5,5,3,5,5,5,5,1,5,0
43,1,3,0,15,1,6,2,?,4,?,5,4,4,?,?,?,4,5,4,3,4,?,?,?,?,4,?,4,?,4,2,1,4,4,?,?,2,?,?,?,?,?,?,?,?,?,4,4,5,1,5,1
46,1,4,0,15,1,6,2,?,3,2,2,5,5,5,5,5,3,4,3,4,2,2,5,2,1,4,3,5,5,5,1,1,2,2,3,1,1,1,5,5,3,2,5,4,5,5,3,4,4,1,4,0
45,1,5,0,16,1,6,2,?,2,2,2,4,3,3,3,3,2,2,2,5,2,2,2,1,2,3,2,3,3,3,1,1,2,2,1,2,2,2,2,1,?,2,3,3,2,2,2,2,3,1,2,0
42,1,6,1,18,1,6,1,2,3,3,2,5,5,4,5,5,2,3,3,1,3,2,4,1,1,3,2,4,5,4,1,1,1,1,2,1,1,1,4,1,1,1,3,4,3,2,1,3,5,1,1,0
48,1,6,1,25,1,6,1,1,4,4,5,4,5,3,5,4,5,5,5,5,5,3,1,1,3,4,3,3,3,4,2,1,1,3,4,1,5,4,3,1,3,3,3,4,3,3,5,5,5,1,1,0
45,1,1,0,14,1,6,2,?,2,5,5,5,5,2,5,5,4,3,3,1,4,1,1,1,1,4,1,5,1,5,2,1,3,5,1,3,2,1,5,2,5,3,3,5,3,3,5,5,5,1,4,0
53,1,1,0,20,1,6,1,7,3,3,5,5,5,5,3,3,1,2,3,5,1,3,4,3,3,5,2,5,5,5,2,1,3,1,5,1,3,2,5,5,2,2,5,4,3,5,1,4,3,1,4,0
38,1,6,0,8,1,6,2,?,5,5,5,5,5,3,5,5,4,4,4,4,4,3,3,4,4,4,3,5,5,5,2,2,5,3,5,1,2,1,3,4,4,4,4,5,5,5,5,5,4,2,2,0
39,1,3,0,6,1,6,2,?,2,2,2,5,3,3,2,3,2,4,3,4,2,2,3,2,3,4,4,4,4,4,2,2,3,3,3,2,4,2,5,4,3,3,4,2,4,3,2,3,2,2,2,0
49,1,1,0,16,1,6,1,7,2,1,3,2,5,4,3,4,3,4,3,5,1,3,3,1,1,1,1,5,3,4,1,1,1,?,2,2,2,1,1,1,2,2,5,5,5,5,2,2,1,1,1,0
46,1,1,0,1,1,6,2,?,4,4,4,4,4,4,4,4,4,3,4,2,4,3,4,3,3,3,3,3,3,3,2,2,3,3,3,2,3,3,4,4,3,3,5,3,3,5,3,4,4,1,4,0
53,1,1,0,1,1,6,2,?,3,3,3,5,5,5,5,5,3,3,3,3,4,?,?,1,3,5,?,5,3,5,1,1,2,1,3,4,3,3,4,?,?,?,4,4,4,4,1,3,3,1,1,0
43,1,6,0,3,1,6,2,?,3,3,3,5,3,4,3,4,3,4,3,5,3,3,4,1,3,4,3,5,4,5,1,1,2,2,3,1,1,1,5,3,2,2,4,5,5,4,3,3,3,1,1,0
46,1,1,0,15,1,6,1,5,3,3,5,4,4,5,5,5,3,3,2,2,4,5,2,4,2,4,2,5,5,5,5,5,4,4,3,4,5,5,2,1,5,5,3,5,3,5,5,5,5,4,4,1
52,1,6,0,25,1,6,1,3,3,2,3,5,4,3,4,5,4,4,3,4,4,3,3,3,1,3,3,5,5,5,3,1,4,3,3,2,1,2,2,2,3,4,4,4,5,4,3,4,4,1,3,0
50,1,6,0,23,1,6,1,7,1,1,1,4,3,2,5,5,2,2,2,5,1,2,3,1,1,2,3,5,5,5,1,1,1,1,1,1,1,1,5,3,1,1,5,3,2,1,1,1,2,1,1,0
43,1,1,0,7,1,6,2,?,3,4,5,3,5,2,4,4,4,3,3,3,3,2,2,3,3,3,2,3,3,3,3,3,3,3,4,1,1,1,5,5,3,3,5,4,5,5,4,4,5,1,5,0
46,1,6,0,7,1,6,2,?,2,2,3,4,2,4,2,3,2,2,2,4,2,2,4,2,2,4,3,4,4,5,1,1,2,2,2,3,3,3,5,5,3,2,4,2,2,3,2,2,3,3,2,0
35,1,6,0,2,1,6,2,?,4,4,4,5,5,4,4,3,4,4,3,4,4,5,4,4,3,5,4,4,4,5,?,4,4,3,4,3,5,5,4,4,4,?,5,5,5,5,4,4,2,2,4,1
49,1,6,0,14,1,6,2,?,4,3,2,5,5,4,5,5,3,3,4,2,2,4,3,2,2,4,5,5,4,5,2,5,4,4,4,4,3,5,4,5,3,3,4,4,3,3,3,5,5,3,4,0
39,1,1,1,7,1,6,2,?,4,4,5,4,4,5,5,3,4,3,3,3,5,3,4,3,3,5,3,5,5,5,3,3,4,4,4,5,5,5,5,3,3,3,4,4,4,4,4,4,4,5,3,1
39,1,4,0,10,1,6,2,?,3,3,3,3,3,3,3,3,3,3,3,3,3,3,3,3,3,3,3,3,3,3,3,3,3,3,3,3,3,3,3,3,3,3,3,3,3,3,3,3,3,3,3,0
38,1,6,0,12,1,6,2,?,5,3,5,4,4,5,4,4,4,4,4,1,4,3,3,2,4,4,4,5,5,5,1,3,3,3,4,4,4,3,5,2,3,3,4,4,3,2,5,5,4,3,5,0
43,1,6,1,20,1,6,1,2,3,4,2,5,5,1,5,5,4,4,4,5,3,2,1,1,2,5,3,4,5,5,1,1,1,1,4,1,2,3,4,5,2,2,4,4,4,5,2,4,5,1,1,0
42,1,6,0,?,1,6,2,?,5,5,5,5,5,5,5,5,4,4,4,2,4,5,5,1,5,4,5,3,3,5,2,1,3,5,5,1,4,1,5,5,3,5,5,5,5,3,5,5,5,1,1,0
44,1,6,1,20,1,6,1,2,3,4,4,5,5,5,5,5,4,4,3,2,3,2,4,3,5,2,5,4,5,5,3,1,4,2,5,1,2,1,3,3,3,4,2,4,1,1,3,5,3,1,4,1
49,1,5,0,13,1,6,2,?,2,2,2,4,3,1,4,3,2,2,2,2,2,3,2,1,1,2,2,3,3,3,1,2,2,1,2,1,2,1,5,4,2,2,5,3,3,3,1,2,2,1,2,0
42,1,1,1,16,1,6,1,4,2,2,3,4,5,5,5,5,3,3,3,2,2,4,?,1,2,4,2,5,5,5,2,1,3,3,3,1,2,4,4,4,3,3,?,?,4,4,4,4,4,1,3,0
44,1,1,1,20,1,6,1,6,3,3,3,5,5,4,4,4,2,2,3,2,2,2,3,1,2,3,3,5,4,4,2,1,1,1,3,2,3,3,4,4,2,2,5,4,4,4,2,3,3,1,2,0
34,1,4,0,1,1,6,2,?,3,4,5,5,4,3,4,2,3,5,4,2,4,3,3,2,4,5,5,4,4,5,3,3,4,4,4,4,5,4,4,4,4,5,5,4,4,5,4,4,2,1,3,0
46,1,1,0,6,1,6,2,?,3,2,3,5,3,3,4,4,2,2,2,4,3,4,4,5,2,3,2,5,5,5,4,2,4,4,4,4,5,4,3,1,3,3,5,4,3,3,2,2,4,1,4,0
48,1,6,0,2,1,6,2,?,2,3,2,4,4,2,3,2,2,3,3,4,2,3,4,2,2,4,3,4,4,5,1,2,2,2,3,3,3,3,3,3,3,3,4,4,4,4,2,3,4,2,2,0
52,1,1,0,11,1,6,2,?,2,3,3,5,3,4,3,3,3,3,?,4,2,2,3,1,2,3,3,5,5,5,1,2,2,2,2,3,4,5,4,4,2,2,3,2,2,2,2,3,3,3,5,0
40,1,6,0,9,1,6,2,?,4,4,4,5,5,?,4,3,4,3,4,?,4,4,?,2,?,3,?,5,5,5,3,2,4,4,5,1,2,1,4,?,4,5,?,?,?,?,5,5,5,1,1,0
40,1,6,0,5,1,6,1,7,3,3,2,4,4,?,3,3,2,2,2,?,3,1,?,1,1,3,?,5,5,5,2,1,2,1,2,2,2,1,2,2,2,2,4,4,4,4,2,3,1,1,1,0
42,1,6,0,6,1,6,1,7,3,3,3,4,4,3,4,4,2,2,2,3,2,3,3,2,3,4,3,4,5,5,2,2,2,2,3,3,3,2,4,3,3,3,4,4,2,3,3,3,2,1,2,0
49,1,1,0,5,1,6,2,?,3,3,5,4,4,3,4,4,3,3,3,4,4,2,2,3,3,4,2,5,5,5,1,1,3,3,4,2,2,2,4,4,3,3,4,5,5,3,3,4,4,1,1,0
47,1,1,0,5,1,6,1,6,3,5,3,5,5,2,4,5,3,3,2,4,4,3,2,2,3,4,3,5,5,5,2,1,2,2,4,1,5,3,3,3,4,4,5,3,5,5,4,5,5,1,3,0
49,1,6,1,25,1,6,1,2,?,?,?,?,?,?,?,?,?,?,?,?,?,?,?,1,3,2,1,4,4,4,1,1,1,1,3,1,1,4,4,2,?,?,5,5,5,3,1,1,1,1,1,0
49,1,1,0,18,1,6,1,?,3,3,4,5,4,3,4,4,3,3,3,4,3,4,3,3,2,3,3,4,4,5,3,2,4,4,4,3,3,4,2,2,3,3,4,4,4,5,4,4,3,1,3,0
34,1,5,0,4,1,6,2,?,3,3,3,5,4,4,4,4,3,4,3,3,3,3,4,2,2,4,3,5,5,5,2,2,3,3,3,2,5,3,5,5,3,3,4,3,4,4,3,4,4,2,3,0
34,1,6,0,3,1,6,2,?,2,2,3,5,4,4,4,4,3,4,3,2,3,4,3,3,3,5,3,4,4,4,2,2,3,3,3,2,4,4,4,4,2,2,3,4,4,3,2,3,5,1,4,0
45,1,1,0,16,1,6,1,4,3,3,5,5,4,5,3,4,3,4,3,4,3,3,4,1,2,4,3,5,4,4,2,1,3,3,3,1,2,3,4,3,3,3,4,4,4,3,5,5,5,2,2,0
35,1,4,0,2,1,6,2,?,3,3,4,4,4,4,4,4,3,3,3,3,4,3,4,1,4,4,3,5,3,5,2,2,1,1,4,1,1,1,4,3,3,3,5,1,3,3,2,4,4,1,4,0
40,1,4,0,1,1,6,2,?,4,4,5,4,4,4,4,4,5,5,5,2,4,4,5,4,4,5,5,5,5,5,1,2,2,3,5,4,4,3,5,3,3,4,4,3,3,3,4,3,4,1,2,0
33,1,1,0,2,1,6,2,?,3,3,3,4,4,4,5,5,3,4,3,2,4,3,3,3,3,4,4,5,5,5,3,1,3,3,4,3,4,3,5,5,4,4,4,4,4,4,3,5,5,1,5,0
37,1,4,0,8,1,6,2,?,3,3,3,3,3,3,3,3,3,3,3,3,3,3,3,3,3,3,3,3,3,3,3,3,3,3,3,3,3,3,3,3,3,?,3,5,5,3,4,4,2,?,4,?
44,1,1,0,12,1,6,2,?,2,2,3,3,2,3,3,2,2,2,2,2,3,2,2,2,?,?,?,?,?,?,3,3,2,2,?,2,3,1,?,?,?,?,3,4,4,4,2,2,3,1,2,0
34,1,5,0,8,1,6,2,?,3,2,3,5,4,4,5,5,3,2,3,4,2,3,4,1,3,5,3,5,5,5,1,2,2,3,2,3,4,4,4,4,4,3,4,2,4,4,3,3,4,1,2,0
33,1,6,1,10,1,6,2,?,2,3,5,5,4,?,5,4,4,5,5,?,4,1,?,4,3,2,4,5,5,5,4,3,3,3,5,3,5,4,1,1,4,4,3,4,3,2,4,5,5,2,2,0
65,1,6,0,15,1,6,2,?,3,3,3,3,3,3,4,4,3,3,2,3,3,2,?,?,?,?,?,3,5,4,2,1,?,?,3,?,3,?,3,?,?,?,3,?,?,?,3,3,3,1,3,0
31,1,6,0,5,1,6,2,?,4,4,4,4,3,4,3,4,3,4,4,2,4,4,4,2,3,3,2,4,4,4,2,4,3,3,4,5,5,5,4,3,4,4,4,2,2,4,4,4,4,2,4,0
32,1,5,0,2,1,6,1,?,4,2,4,5,5,?,5,5,5,5,5,5,?,3,?,?,?,?,?,4,?,5,1,1,?,?,3,5,5,?,5,5,4,4,?,?,?,?,3,5,5,1,1,1
43,1,3,1,20,1,6,1,2,2,3,2,4,3,3,2,2,4,4,3,4,3,3,4,2,2,4,3,4,5,5,2,1,1,1,3,4,3,3,4,3,3,3,5,5,5,5,2,2,1,2,1,0
52,1,3,1,26,1,6,1,2,1,1,1,5,5,5,3,5,2,2,2,5,2,1,5,1,1,5,1,3,5,5,1,1,1,1,1,1,1,1,1,1,1,1,1,1,1,1,1,3,3,1,3,0
36,1,6,1,10,1,6,1,4,3,3,3,4,4,3,4,3,4,4,3,4,4,3,3,1,2,4,3,4,4,4,1,1,1,1,2,1,4,4,4,3,2,2,4,2,4,3,2,2,2,1,5,0
42,1,3,0,12,1,6,2,?,4,4,4,4,5,4,4,4,3,3,3,2,3,5,3,1,3,4,1,3,4,4,1,1,1,1,3,3,2,4,3,4,2,2,5,5,5,5,2,2,2,1,4,0
50,1,6,0,10,1,6,2,?,1,2,2,4,4,3,3,3,2,2,2,3,2,2,2,2,3,3,3,3,4,4,2,2,2,2,2,3,3,2,4,4,2,2,4,2,2,2,2,2,2,2,2,0
42,1,2,0,8,1,6,2,?,2,3,2,4,4,3,3,4,3,4,4,3,2,3,3,1,3,4,3,4,4,4,1,1,3,2,3,1,1,1,4,3,2,2,4,4,4,3,3,3,3,1,1,0
43,1,6,0,15,1,6,2,?,2,2,4,4,?,2,4,4,4,4,3,3,3,3,3,3,2,2,2,4,5,5,3,2,3,3,4,3,3,3,4,4,4,4,5,3,4,3,3,3,5,3,2,0
29,1,6,0,4,1,6,1,5,2,3,3,5,5,3,2,4,4,4,2,3,3,2,2,1,2,4,2,4,5,5,1,1,2,2,2,3,5,4,3,3,2,2,5,4,3,5,3,4,5,2,4,0
38,1,3,0,2,1,6,1,7,4,3,4,5,3,3,5,5,2,3,2,4,4,3,3,1,2,3,3,5,5,5,1,1,1,1,3,1,5,3,5,5,3,2,5,2,2,3,4,4,5,1,4,0
54,1,3,0,3,1,6,2,?,2,2,2,5,4,3,4,4,2,2,3,4,2,2,3,2,2,4,2,5,5,5,2,2,2,2,2,2,3,4,5,5,2,3,2,2,2,2,2,2,2,1,2,0
48,1,1,0,4,1,6,2,?,1,1,1,4,4,4,1,4,2,3,1,4,1,1,2,1,1,3,1,3,2,3,1,1,1,1,1,1,3,1,3,3,1,1,1,1,1,1,2,2,2,1,5,0
47,1,3,1,20,1,6,1,6,2,1,2,5,3,2,4,?,2,3,3,4,3,3,?,1,1,1,1,4,4,4,2,1,1,2,1,3,4,1,4,4,2,2,1,1,3,3,2,2,2,1,1,0
38,1,6,0,14,1,6,?,?,4,4,4,3,4,3,4,3,3,3,3,3,3,3,3,1,4,4,4,4,4,5,1,2,3,3,4,4,5,2,5,5,4,4,5,5,5,4,3,3,4,1,1,0
37,1,6,0,10,1,6,1,3,2,2,3,4,3,4,2,3,2,2,2,5,3,2,3,1,1,3,2,3,3,4,1,1,1,1,1,3,3,2,2,2,1,1,5,2,2,2,1,1,2,2,1,0
45,1,2,1,20,1,6,1,2,2,2,3,4,4,3,4,4,3,3,4,5,2,2,3,1,2,4,1,4,4,5,1,1,1,1,2,1,1,1,2,1,2,2,5,5,4,3,3,3,4,1,1,0
37,1,6,0,7,1,6,2,?,3,2,2,5,3,2,4,4,3,3,2,5,2,2,3,2,2,3,3,4,4,5,2,1,2,2,3,1,2,1,2,4,3,3,3,5,5,3,3,3,5,1,1,0
45,1,6,1,20,1,6,1,2,4,4,4,4,4,4,4,4,3,4,3,3,3,3,3,3,3,3,4,3,4,3,3,3,2,2,3,3,4,3,5,5,3,3,3,3,3,3,4,4,4,3,4,1
47,1,3,0,11,1,6,2,?,2,3,3,5,4,4,5,3,4,3,3,5,3,3,3,1,3,4,3,4,3,5,1,1,1,1,3,5,4,3,5,4,2,2,4,3,4,4,1,1,3,1,3,0
39,1,6,0,2,1,6,2,?,4,3,4,3,4,2,3,4,2,3,3,4,3,2,4,2,2,4,4,4,4,4,2,2,2,2,3,3,2,1,4,2,3,3,4,3,3,3,3,4,2,1,2,0
40,1,6,1,13,1,6,1,2,3,3,3,4,4,?,4,4,3,4,3,2,3,3,?,2,2,3,4,4,4,4,2,1,3,3,3,1,1,1,1,1,2,2,4,4,4,4,3,3,3,1,1,0
37,1,6,0,7,1,6,2,?,3,3,2,5,5,3,4,5,3,2,2,4,2,4,3,2,2,5,3,4,5,4,1,1,2,2,2,1,4,4,4,3,3,3,5,5,5,5,4,4,4,1,1,0
34,1,6,1,10,1,6,1,7,3,3,3,4,4,4,4,4,3,3,3,2,3,4,4,3,3,3,3,5,5,5,3,3,4,4,3,4,4,5,5,5,5,5,5,5,5,5,3,3,3,3,4,0
39,1,1,1,6,1,6,1,4,3,2,4,4,3,3,4,4,4,4,4,3,2,2,1,2,2,2,3,5,5,4,4,2,3,2,3,1,1,2,4,4,4,4,5,4,5,5,3,4,4,2,2,0
49,1,1,0,5,1,6,2,?,5,5,5,5,5,5,5,5,5,5,3,5,5,5,5,3,3,5,3,5,5,5,?,3,3,3,5,3,3,3,5,5,5,5,5,5,5,5,5,5,5,3,3,1
36,1,6,0,3,1,6,2,?,3,3,3,5,4,4,4,4,4,4,4,3,2,3,3,2,2,4,2,4,4,4,2,2,2,3,2,2,2,3,4,4,3,3,4,4,4,3,2,3,3,2,2,0
51,1,6,0,8,1,6,2,?,3,2,4,3,3,4,4,3,3,3,2,2,2,3,3,1,1,2,3,3,4,5,1,1,2,2,2,2,1,1,5,5,3,3,5,3,5,5,1,3,3,1,2,0
32,1,3,1,10,1,6,1,5,3,3,3,4,4,4,4,4,3,3,3,4,3,5,4,1,2,3,1,4,5,4,1,5,2,1,3,3,2,1,3,3,3,3,5,5,5,5,3,3,4,1,3,0
50,1,6,0,10,1,6,2,?,4,3,4,5,5,3,3,4,3,3,2,4,2,3,2,1,2,4,3,3,5,4,1,1,1,1,2,2,4,3,3,4,3,3,4,3,2,3,3,4,5,2,2,0
43,1,3,0,11,1,6,2,?,4,4,5,5,5,3,4,5,3,3,2,5,3,3,2,1,1,4,1,5,2,3,1,1,2,1,3,1,1,1,2,1,2,2,5,4,5,5,2,4,4,1,1,0
40,1,5,1,14,1,6,1,4,2,2,2,5,4,3,3,5,2,3,2,5,3,3,3,1,2,2,2,4,4,4,1,1,1,1,2,4,4,3,2,4,1,1,4,4,4,4,1,4,4,1,1,0
40,1,6,0,10,1,6,1,7,3,3,3,5,5,3,4,4,3,3,3,4,3,4,2,3,3,3,3,3,3,5,2,2,3,3,3,1,1,1,3,3,3,?,4,4,4,4,2,2,2,2,2,0
37,1,3,1,12,1,6,1,7,5,5,5,4,5,5,4,4,3,4,4,4,3,3,3,4,3,3,4,4,4,4,5,4,5,4,4,4,4,4,4,4,4,4,4,4,4,4,5,5,5,5,5,0
37,1,1,1,10,1,6,1,4,2,2,2,5,5,?,3,3,2,5,3,3,2,?,?,1,2,3,2,5,5,5,1,1,2,1,3,1,4,1,2,2,2,2,2,4,3,3,3,4,4,1,4,0
52,1,5,1,9,1,6,2,?,3,4,4,4,3,5,5,5,4,5,5,4,3,3,5,3,5,5,4,5,5,4,4,3,4,4,3,4,5,4,4,5,5,4,3,4,4,4,3,4,4,5,4,1
43,1,6,1,10,1,6,2,?,4,4,4,3,5,4,4,4,3,3,3,1,4,4,5,1,4,3,4,4,5,5,1,1,4,3,4,4,5,5,4,4,4,3,3,3,3,3,4,4,4,1,4,0
41,1,6,0,12,1,6,2,?,4,4,5,5,5,5,5,4,3,3,3,2,3,3,1,1,4,5,5,1,4,3,?,?,3,4,5,1,1,4,5,3,3,5,3,5,5,3,?,?,?,?,?,0
55,1,6,1,30,1,6,1,4,3,4,3,5,5,3,3,4,2,2,2,1,2,1,3,1,1,3,3,4,3,3,1,1,2,3,3,3,3,3,2,1,2,2,5,2,5,3,2,2,2,?,3,0
42,1,6,0,1,1,6,2,?,2,3,3,4,4,3,5,5,3,4,3,3,?,?,?,1,2,3,3,4,4,4,1,1,1,1,2,3,4,1,4,?,?,?,4,4,4,4,2,3,4,1,1,0
34,1,3,1,10,1,6,1,4,4,4,3,5,5,3,2,5,2,5,3,5,1,3,3,1,1,4,1,4,1,5,1,1,1,1,2,1,5,1,1,1,1,1,5,1,5,5,1,3,3,1,1,0
45,1,1,0,15,1,6,2,?,3,3,3,5,5,5,3,2,3,3,3,3,3,3,5,2,2,3,2,4,4,5,1,1,2,2,3,1,1,2,2,2,3,3,3,3,3,3,3,4,1,1,2,0
49,1,3,0,18,1,6,1,7,4,4,4,4,4,4,5,4,3,4,3,3,3,4,3,3,2,2,2,4,4,4,2,4,2,3,3,1,1,2,4,4,3,4,5,4,4,4,4,4,4,2,4,0
46,1,3,0,7,1,6,2,?,5,5,5,5,5,5,5,5,3,3,3,3,4,3,3,5,3,3,3,5,5,5,4,2,3,4,3,3,2,3,4,3,3,4,5,5,5,5,3,5,5,2,1,0
33,1,6,0,4,1,6,2,?,4,4,5,5,5,4,5,5,3,3,3,1,3,3,3,4,3,3,3,5,5,5,4,1,3,3,3,5,5,5,5,5,4,5,5,4,5,5,5,5,5,1,1,0
52,1,1,0,28,1,6,2,?,2,2,3,4,4,3,5,5,3,3,2,4,3,?,?,3,1,5,?,5,5,5,2,1,2,1,2,3,3,3,5,5,2,2,5,5,5,2,2,2,4,1,2,0
42,1,5,1,17,1,6,1,2,2,3,3,4,3,3,4,3,2,2,2,4,3,3,3,2,2,3,3,4,3,3,2,2,2,2,2,3,3,3,3,3,2,2,4,3,4,4,2,2,4,2,2,0
44,1,6,0,8,1,6,2,?,4,4,5,5,4,4,4,4,3,4,4,2,3,3,3,3,3,3,3,3,3,3,3,1,3,3,3,2,2,1,2,2,2,2,3,3,3,3,3,3,3,3,1,0
49,1,1,0,4,1,6,2,?,3,3,2,5,4,3,5,5,2,2,2,4,2,2,3,1,1,5,2,5,5,5,1,2,1,1,2,2,4,4,4,4,1,1,3,3,3,3,2,2,2,2,2,0
33,1,6,0,2,1,6,2,?,2,2,3,4,4,3,2,4,3,4,3,2,2,3,3,4,2,4,3,4,4,4,2,4,4,4,3,2,4,2,4,4,3,4,4,3,3,3,4,4,4,2,4,0
39,1,3,0,3,1,6,2,?,4,3,3,5,?,3,4,4,2,3,3,5,3,3,3,1,3,3,2,5,5,5,3,1,1,1,4,1,2,1,4,4,3,3,5,5,5,4,2,3,3,1,1,0
38,1,6,0,8,1,6,2,?,3,3,4,5,4,3,5,4,4,4,3,4,4,3,4,2,2,3,3,5,5,5,2,2,4,3,4,4,4,4,4,3,3,3,4,4,4,2,2,4,4,1,3,0
39,1,6,1,12,1,6,1,2,3,3,3,3,5,3,3,3,3,3,3,4,2,3,3,1,2,3,1,3,4,3,2,1,2,1,3,3,3,3,2,1,3,3,3,3,3,4,2,2,2,1,1,0
32,1,6,0,4,1,6,1,7,3,2,3,4,3,2,3,4,3,4,3,4,3,2,2,1,1,2,2,4,4,4,1,1,1,1,3,1,4,4,2,2,2,2,4,4,4,4,2,2,3,1,2,0
40,1,6,0,3,1,6,2,?,2,2,2,5,4,3,3,3,3,3,2,5,2,3,3,1,3,2,3,4,4,4,1,1,1,1,2,4,2,1,4,2,1,1,3,3,3,2,2,1,4,1,1,0
35,1,6,0,10,1,6,2,?,3,3,4,4,4,3,4,4,4,4,2,4,3,3,3,3,2,4,3,4,4,4,3,2,2,2,3,4,5,4,3,3,3,3,3,3,3,3,3,2,4,1,3,0
50,1,6,1,1,1,6,2,?,4,4,3,4,4,4,3,2,2,3,2,2,3,3,4,2,3,3,4,5,5,5,2,1,3,3,5,1,3,2,4,4,3,3,2,3,4,5,3,5,5,1,2,0
41,1,6,1,10,1,6,1,4,2,3,2,4,4,4,4,?,3,3,2,3,2,2,3,1,1,2,1,3,3,3,1,1,1,1,2,1,1,1,1,1,2,2,4,4,4,3,2,3,1,1,1,0
24,1,5,1,?,1,6,1,2,4,4,3,5,5,3,4,5,4,4,4,5,3,3,3,1,1,3,2,4,4,5,1,3,3,3,3,3,3,3,3,3,3,3,4,5,5,5,3,4,4,1,3,0
45,1,6,1,18,1,6,1,3,3,3,3,5,4,3,3,3,3,3,3,4,3,3,3,1,2,3,2,4,4,4,1,1,1,1,3,1,1,2,2,2,2,2,4,3,4,4,2,4,4,1,1,0
39,1,1,0,7,1,6,1,6,2,3,3,5,5,2,5,5,3,3,3,4,1,?,?,1,2,3,3,5,5,5,1,1,1,2,2,2,3,4,4,5,2,2,5,5,5,5,2,3,5,1,3,0
41,1,1,1,2,1,6,2,?,3,3,4,5,5,4,3,5,3,4,3,3,4,3,4,3,2,2,3,4,4,4,2,2,4,2,3,3,4,3,5,4,4,4,5,3,5,3,4,4,4,4,2,1
41,1,1,0,6,1,6,2,?,3,2,3,4,4,4,2,2,2,2,2,3,1,1,2,1,2,4,2,5,5,5,1,1,2,2,2,2,3,1,4,2,2,2,4,3,3,4,1,1,1,1,1,0
42,1,6,0,6,1,6,2,?,1,3,3,4,4,1,4,2,4,3,2,4,3,1,5,1,1,2,?,5,5,5,1,1,2,2,5,2,2,2,3,2,2,1,2,5,2,4,2,4,4,1,5,0
31,1,4,0,1,1,6,2,?,4,4,3,4,4,4,4,4,3,3,4,3,3,3,2,2,3,3,3,3,3,3,3,3,2,2,3,2,4,4,3,3,3,3,4,4,4,4,3,3,3,3,3,0
43,1,1,1,20,1,6,1,2,2,3,3,5,3,4,1,5,2,4,2,5,4,5,2,1,1,2,1,5,5,5,1,2,1,1,2,5,3,5,5,5,1,1,3,1,4,2,2,2,2,1,2,0
32,1,4,0,4,1,6,2,?,2,3,2,5,4,2,2,4,2,2,2,4,2,2,3,1,2,3,3,4,4,5,1,1,1,1,2,2,3,1,2,1,2,1,5,5,5,5,?,3,4,1,1,0
52,1,5,0,7,1,6,2,?,4,4,4,4,4,3,4,3,3,3,2,4,3,3,3,1,3,4,3,4,3,4,1,2,2,2,3,1,2,1,4,4,3,3,5,5,5,?,2,2,2,1,1,0
33,1,1,0,10,1,6,2,?,3,4,4,5,5,4,4,4,4,4,3,5,4,4,5,2,1,3,2,5,5,5,2,1,4,4,4,2,3,3,4,4,4,4,4,3,3,3,3,5,5,3,4,1
45,1,6,1,20,1,6,1,?,4,4,4,4,4,3,4,?,4,4,4,2,4,4,3,3,4,3,3,4,4,4,4,2,4,4,4,2,2,3,3,3,4,4,4,3,4,3,4,4,4,3,2,0
54,1,1,1,4,1,6,2,?,1,1,2,5,3,5,3,3,2,3,3,1,1,2,4,1,1,3,1,4,4,4,1,1,1,1,1,1,1,1,1,1,1,1,4,2,4,4,1,1,3,1,1,0
38,1,6,0,7,1,6,1,7,4,3,3,1,1,2,2,2,3,3,4,4,3,3,3,4,4,4,4,3,2,2,5,4,4,4,4,4,4,3,3,3,4,4,1,2,2,2,3,3,2,5,4,0
40,1,5,1,17,1,6,1,2,2,2,2,3,3,3,2,3,2,3,2,5,3,3,3,1,1,4,1,4,4,4,1,1,1,1,2,3,3,4,4,4,2,2,4,2,4,3,2,2,3,2,2,0
37,1,6,1,6,1,6,1,7,3,3,4,4,4,3,4,4,3,3,3,4,3,3,4,2,2,2,2,4,5,5,3,3,3,2,3,1,4,3,2,3,3,4,3,5,5,5,4,5,5,1,2,0
39,1,6,0,10,1,6,2,?,3,3,5,2,2,3,4,3,3,4,2,3,4,4,4,4,3,4,4,4,4,5,4,2,3,3,3,1,3,3,2,2,5,5,5,3,5,4,5,5,5,2,4,1
42,1,6,1,19,1,6,1,2,3,2,3,5,5,3,4,4,2,2,4,3,3,2,2,1,3,2,4,3,2,3,3,1,1,1,3,1,1,1,2,3,2,2,2,2,2,2,2,3,3,1,2,0
36,1,6,1,12,1,6,1,4,2,2,2,5,4,4,4,4,3,4,3,5,3,2,2,1,2,3,3,5,5,5,1,1,1,1,3,2,1,3,2,2,2,2,4,2,4,4,1,1,4,1,2,0
39,1,6,1,12,1,6,1,6,2,3,3,4,3,?,4,4,2,4,3,4,2,3,?,1,2,4,3,5,5,5,1,1,1,1,4,1,2,2,5,4,3,3,5,4,3,3,2,3,4,1,1,0
34,1,2,0,5,1,6,2,?,3,3,3,4,4,3,4,4,4,4,4,3,4,3,3,1,3,4,3,5,5,4,1,1,2,2,3,1,1,2,4,3,2,2,4,3,3,4,1,3,3,1,1,0
42,1,1,0,14,1,6,2,?,4,4,5,5,4,3,5,4,4,4,4,2,4,?,?,1,3,4,?,4,5,5,3,1,?,?,3,2,4,?,4,?,3,3,5,5,4,5,4,4,4,1,1,0
48,1,5,0,6,1,6,2,?,3,2,3,5,5,2,3,3,4,4,3,3,2,3,2,2,2,2,3,4,4,5,3,3,2,2,4,2,2,1,3,4,3,3,5,2,2,2,4,4,4,1,2,0
42,1,5,0,3,1,6,2,?,4,4,4,5,5,3,4,5,3,4,3,5,4,4,3,2,2,5,2,5,5,5,1,1,2,2,3,2,4,1,5,5,4,3,5,3,4,5,1,4,5,1,1,0
36,1,1,0,4,1,6,2,?,3,3,3,3,3,3,3,3,?,?,?,?,?,?,?,1,2,4,2,4,5,5,1,1,1,1,2,3,4,2,4,3,1,1,3,3,3,3,1,1,1,1,1,0
52,1,1,0,2,1,6,?,?,2,2,2,3,4,4,3,3,2,2,2,5,2,3,3,?,2,4,4,4,5,5,1,1,2,2,3,5,5,5,5,5,2,3,4,4,4,4,2,3,3,3,5,0
28,1,4,0,1,1,6,2,?,3,3,3,5,4,4,4,4,3,3,3,3,3,3,4,3,4,4,4,4,4,4,3,3,2,4,4,3,5,2,5,5,3,3,4,3,3,4,3,3,3,3,2,0
56,1,6,0,8,1,6,1,7,3,4,4,5,5,3,4,4,3,4,4,2,3,2,3,2,2,4,2,3,4,4,2,3,3,3,3,2,2,2,4,4,4,4,5,5,5,5,?,2,4,1,2,0
37,1,3,0,8,1,6,2,?,3,3,3,4,3,2,3,3,3,3,3,5,3,3,3,2,2,3,2,4,4,4,2,2,3,2,2,2,4,2,4,4,3,3,3,3,3,3,3,3,2,2,3,0
39,1,5,0,?,1,6,2,?,4,2,2,5,4,3,3,4,3,3,2,5,2,3,3,1,1,4,2,4,5,5,1,1,3,2,4,2,3,3,4,?,2,2,5,5,5,5,1,3,4,1,2,1
45,1,6,0,15,1,6,1,7,2,1,2,4,4,4,3,3,3,3,4,3,1,2,2,2,2,2,2,4,4,4,2,1,2,2,3,2,3,2,4,4,3,3,5,5,5,5,2,3,2,1,1,0
31,1,5,0,4,1,6,2,?,3,4,5,5,5,2,4,4,3,4,3,3,2,1,2,1,2,3,4,5,5,5,2,1,4,5,2,2,5,4,4,2,3,3,?,?,?,?,5,5,5,1,1,0
36,1,6,0,10,1,6,1,6,2,2,2,5,5,2,2,3,4,4,2,4,4,?,?,1,2,2,2,4,3,3,1,1,1,1,2,1,3,3,4,?,1,1,5,4,5,5,1,3,4,1,1,0
55,1,1,0,15,1,6,2,?,3,4,3,4,4,4,4,4,3,3,3,3,3,3,3,3,2,3,3,4,4,4,3,3,3,3,4,1,2,2,4,4,3,4,4,3,4,3,3,4,4,2,5,0
45,1,1,0,3,1,6,2,?,2,2,2,5,5,5,5,5,2,2,5,2,2,2,5,2,2,4,3,5,5,5,2,?,2,2,2,4,5,1,5,3,2,2,5,5,5,5,2,2,2,2,4,0
48,1,6,1,23,1,6,1,2,2,3,2,5,4,3,1,3,4,4,4,5,2,1,3,1,1,5,1,4,4,5,1,1,1,1,1,1,1,1,2,2,3,1,2,5,5,5,1,3,4,1,1,0
38,1,6,1,12,1,6,1,4,4,4,3,4,2,4,2,4,2,4,2,2,2,4,4,2,2,4,2,5,4,5,1,1,2,2,4,2,3,2,3,4,4,3,4,5,4,4,2,4,4,1,2,0
32,1,1,0,6,1,6,1,4,4,4,5,5,5,?,3,4,4,4,4,2,3,4,3,3,1,1,?,4,4,4,3,3,4,3,4,2,4,4,2,2,3,5,5,4,5,4,4,4,5,1,5,0
30,1,1,1,4,1,6,2,?,3,3,4,5,2,4,4,4,3,3,3,4,3,3,3,1,1,2,5,5,5,5,3,1,1,1,3,1,3,1,5,3,5,5,5,5,5,5,3,5,5,1,1,0
28,1,1,0,2,1,6,2,?,3,3,3,4,4,5,4,4,3,4,3,3,3,3,3,1,1,3,2,3,3,3,2,1,1,2,1,3,1,1,?,?,?,?,?,?,?,?,3,4,4,2,1,0
33,1,6,0,6,1,6,2,?,3,4,3,4,4,4,4,4,3,3,2,5,3,3,5,4,4,4,4,4,4,4,3,2,3,3,4,4,3,3,3,3,3,3,4,4,4,4,3,5,4,3,2,1
39,1,6,0,1,1,6,2,?,5,5,5,4,4,4,3,3,4,5,4,3,4,4,5,4,5,5,4,5,4,5,2,3,4,4,5,4,5,4,4,4,4,4,4,4,3,3,3,4,4,3,4,1
32,1,1,0,6,1,6,2,?,2,3,5,5,3,3,4,4,2,3,2,2,2,2,3,1,1,1,1,4,4,4,2,2,2,2,5,2,2,1,3,3,2,3,5,2,2,5,4,5,5,1,2,0
50,1,1,1,27,1,6,1,2,2,2,3,5,4,3,4,4,4,4,3,4,3,2,4,1,2,2,2,5,5,4,2,1,1,1,2,1,4,1,4,3,2,2,5,5,5,5,?,2,4,1,1,0
38,1,3,0,7,1,6,2,?,4,4,4,4,4,3,3,5,3,4,4,3,3,4,5,2,3,2,3,4,5,4,1,4,3,3,4,4,4,3,5,4,4,5,4,2,5,3,3,4,2,1,4,0
42,1,4,1,20,1,6,1,2,2,2,3,4,4,3,3,3,2,3,2,3,2,2,3,2,1,3,2,4,3,4,2,1,2,2,3,1,3,2,3,2,2,2,3,3,3,3,2,3,2,1,1,0
50,1,1,1,11,1,6,2,?,1,2,2,5,5,?,4,4,2,2,2,2,1,?,?,1,1,?,?,5,5,4,1,1,1,1,1,1,4,4,3,3,2,?,5,5,5,5,2,2,?,1,2,0
36,1,6,0,3,1,6,2,?,4,3,4,5,5,5,5,5,4,4,4,3,4,5,5,3,4,5,4,5,5,5,4,2,4,4,4,4,4,2,5,4,5,5,4,4,3,3,4,5,5,4,1,1
42,1,5,1,15,1,6,1,6,3,3,3,4,4,4,4,4,3,3,3,3,3,3,3,3,3,3,3,3,3,3,2,3,3,3,3,3,2,3,3,3,3,3,3,3,3,3,3,3,3,3,3,0
35,1,6,0,4,1,6,1,7,5,5,4,5,4,2,4,4,4,3,3,5,3,?,?,2,3,3,4,4,3,5,2,2,3,3,5,?,3,2,4,4,4,4,4,5,5,3,5,5,5,1,2,0
42,1,6,1,4,1,6,2,?,2,2,3,4,4,3,3,2,3,4,3,3,3,3,3,1,1,2,3,5,5,5,1,1,1,2,?,1,3,1,5,3,3,2,5,5,5,5,3,3,4,1,4,0
33,1,6,0,4,1,6,2,?,3,2,3,5,5,4,4,4,3,3,3,2,2,2,3,1,2,3,2,4,4,5,1,1,1,1,3,4,4,2,4,4,2,2,4,2,2,4,2,4,4,2,1,0
31,1,5,0,4,1,6,1,6,2,3,2,3,3,3,4,4,2,3,2,5,1,3,3,1,1,2,2,4,4,4,1,2,2,2,2,2,3,3,5,5,4,3,3,5,5,3,2,2,4,2,2,0
38,1,1,0,1,1,6,2,?,4,2,3,3,4,3,5,5,3,5,2,3,3,?,?,2,2,4,4,5,5,5,2,1,2,3,5,1,1,2,4,4,3,3,5,5,5,5,4,5,5,1,5,0
41,1,1,1,18,1,6,1,2,2,3,3,5,1,?,4,3,1,2,1,1,?,3,?,1,2,4,?,4,5,5,2,2,2,2,3,3,3,2,?,?,?,?,?,?,?,?,1,2,2,3,1,0
31,1,3,0,7,1,6,1,7,3,4,3,4,4,2,4,4,3,3,2,2,?,2,3,1,2,2,2,4,4,3,1,1,2,2,2,1,1,1,3,3,2,2,2,2,2,2,1,2,3,1,1,0
32,1,5,1,8,1,6,1,5,3,2,3,4,4,3,5,4,3,3,3,4,3,2,3,1,2,3,3,4,4,3,1,1,1,2,2,1,3,1,3,2,1,1,4,3,4,3,3,4,4,1,1,0
46,1,1,0,5,1,6,2,?,1,2,2,5,5,3,1,5,3,3,1,5,3,2,3,1,2,2,1,5,5,5,1,1,1,1,3,1,3,1,1,1,3,3,1,1,2,1,1,3,3,1,1,0
41,1,6,1,14,1,6,1,7,3,3,3,3,3,3,3,3,3,3,3,3,3,3,3,3,3,3,3,3,3,3,3,3,3,3,3,3,3,3,3,3,3,3,3,3,3,3,3,3,3,3,3,0
31,1,1,0,4,1,6,2,?,2,2,3,4,4,3,3,4,3,4,3,5,3,3,3,2,3,4,3,3,3,3,1,1,2,2,3,1,2,1,2,1,1,1,3,3,3,3,2,2,4,2,1,1
35,1,5,1,8,1,6,1,4,3,2,3,5,3,2,4,4,3,3,3,3,4,3,1,1,2,2,2,4,4,5,2,1,1,3,2,3,2,3,1,3,2,3,5,2,2,5,4,4,4,1,5,0
44,1,5,1,20,1,6,1,3,4,2,3,5,5,4,5,5,2,3,3,2,2,2,2,1,2,1,2,2,3,5,2,2,2,1,1,3,2,2,2,1,2,2,3,3,3,3,2,3,2,2,2,0
39,1,5,0,16,1,6,2,?,2,3,2,4,4,?,5,5,3,3,2,5,1,2,2,1,1,2,1,5,4,5,1,1,1,1,2,1,1,1,3,2,3,3,4,3,5,5,1,2,2,1,1,0
32,1,6,0,7,1,6,2,?,2,3,4,5,5,3,5,4,5,5,5,2,5,3,3,1,1,1,3,5,5,4,3,1,3,2,3,1,3,2,1,1,2,2,5,5,4,5,4,5,5,1,1,0
52,1,1,0,9,1,6,2,?,3,5,5,5,5,4,5,5,4,?,3,3,2,4,4,5,2,2,3,5,5,5,3,3,5,5,5,4,5,4,4,4,4,4,5,5,4,5,5,5,5,2,4,0
48,1,6,0,5,1,6,2,?,3,3,3,5,5,5,4,5,4,4,3,3,3,2,3,2,2,2,2,3,4,5,3,2,1,1,4,1,2,1,5,5,3,3,4,4,4,4,3,3,3,1,5,0
31,1,3,1,4,1,6,2,?,3,2,3,4,4,3,3,4,3,4,3,4,3,3,3,1,2,4,3,4,4,4,1,1,1,1,3,1,1,1,3,4,3,2,4,3,5,3,1,1,1,1,1,0
34,1,1,1,6,1,6,2,?,3,2,5,4,5,5,5,5,3,4,3,4,3,3,3,1,2,2,2,5,5,5,3,2,1,1,3,2,3,2,2,2,3,3,5,4,4,4,4,4,4,2,1,0
46,1,1,0,4,1,6,2,?,4,4,4,4,4,4,4,4,3,3,3,3,3,3,3,3,3,3,3,3,4,3,4,3,4,4,3,3,2,3,4,4,4,4,3,3,4,3,4,3,4,3,4,1
39,1,6,1,14,1,6,1,2,2,2,2,5,5,4,4,4,2,4,2,5,2,4,4,2,2,2,2,4,2,5,2,2,2,2,2,2,4,4,3,1,2,3,4,4,4,5,2,4,4,2,2,0
30,1,3,0,3,1,6,1,7,4,3,4,5,5,4,5,4,4,4,4,2,4,?,4,3,3,5,4,4,4,5,4,4,5,4,4,2,4,3,4,?,4,4,5,4,?,5,4,4,4,3,4,1
36,1,6,1,13,1,6,1,7,3,3,4,5,4,?,3,4,4,4,3,?,?,?,?,1,3,4,2,5,5,5,3,1,3,3,2,2,1,1,3,3,3,3,5,4,4,4,4,5,5,1,1,0
45,1,3,1,4,1,6,2,?,3,3,3,4,2,2,4,4,3,2,2,3,2,3,3,3,3,3,3,4,4,4,3,3,3,3,4,3,2,3,3,3,3,3,5,5,5,5,4,4,4,3,3,0
33,1,6,0,1,1,6,2,?,4,3,4,4,4,3,3,4,4,4,3,5,3,4,3,4,4,4,2,5,5,5,3,1,4,4,3,3,5,3,5,5,4,4,4,4,4,4,4,4,5,1,5,0
44,1,6,0,5,1,6,1,6,2,2,2,5,5,4,4,5,3,3,3,4,2,3,3,2,2,4,3,5,5,5,2,2,3,3,3,2,5,4,3,3,3,?,5,5,5,5,3,3,4,2,3,0
40,1,6,0,4,1,6,1,7,4,3,3,5,5,5,4,4,4,4,4,3,4,4,3,4,3,5,5,5,5,5,4,3,2,2,4,2,4,5,5,5,4,5,5,3,5,4,4,5,5,1,1,0
43,1,1,0,5,1,6,2,?,?,?,2,5,4,?,1,?,2,2,2,4,?,?,?,1,?,4,?,4,4,4,1,1,1,?,1,1,2,2,4,4,1,1,?,?,?,4,2,2,2,1,4,1
31,1,6,1,5,1,6,1,7,4,4,4,4,4,4,4,4,3,4,3,3,3,4,4,2,3,4,4,5,5,5,2,4,3,3,3,2,2,3,3,3,3,3,5,5,5,4,3,3,4,1,4,0
33,1,1,1,4,1,6,1,7,2,4,5,5,5,3,5,5,4,3,4,2,3,3,4,1,2,4,2,4,4,4,1,4,3,2,4,3,2,3,4,4,3,4,4,3,3,3,3,4,5,2,4,0
38,1,1,0,4,1,6,2,?,4,4,4,3,4,3,4,4,5,5,5,2,4,4,4,2,3,3,4,3,2,2,1,1,1,2,5,1,1,4,2,2,5,4,5,1,1,2,2,2,4,2,1,0
43,1,5,1,17,1,6,1,2,3,3,3,4,3,?,3,4,3,3,3,3,?,?,?,1,?,?,?,?,4,4,1,1,2,2,?,1,1,1,?,?,?,?,?,?,?,?,2,4,4,1,?,0
31,1,2,0,3,1,6,2,?,2,2,3,5,4,3,4,4,3,3,2,5,3,3,3,4,3,4,3,4,5,4,1,1,3,3,3,1,3,1,5,4,3,3,4,3,3,3,2,3,2,1,1,0
41,1,5,1,15,1,6,1,2,2,2,2,4,2,2,3,2,2,2,2,5,3,2,3,1,2,4,2,4,2,4,2,2,2,2,2,2,2,2,2,2,2,2,4,5,4,3,2,2,2,2,2,0
54,1,5,0,20,1,6,1,2,2,3,3,4,4,2,3,3,3,3,2,4,3,2,2,1,1,4,3,5,5,4,2,1,2,2,2,2,2,2,5,4,3,3,5,5,5,5,3,4,4,1,1,0
38,1,6,1,11,1,6,2,?,2,2,2,5,3,2,2,5,2,2,2,5,2,2,2,1,1,1,1,3,2,2,1,1,1,1,2,2,2,1,?,?,2,2,2,3,3,3,2,4,4,1,1,0
52,1,1,0,5,1,6,1,5,3,3,4,5,5,1,3,3,3,3,3,3,3,3,1,1,3,4,4,5,4,5,1,1,3,3,4,1,2,1,3,4,2,1,3,3,4,4,2,4,5,1,3,1
33,1,6,0,4,1,6,2,?,2,2,2,3,3,3,3,3,3,3,2,4,3,2,2,1,2,3,3,4,5,5,1,1,2,2,3,3,4,5,1,2,3,3,3,3,3,3,3,3,2,2,3,0
35,1,6,0,1,1,6,1,6,3,3,3,5,?,3,5,5,3,2,?,4,3,3,3,1,3,4,3,4,3,5,1,1,2,3,2,5,5,3,3,3,3,3,3,3,3,3,2,4,5,1,2,0
40,1,5,0,5,1,6,2,?,3,3,3,3,3,3,3,3,4,4,4,4,3,3,3,3,2,3,2,5,5,5,?,4,3,2,?,4,4,2,5,?,3,3,3,3,3,3,4,4,4,4,4,0
48,1,1,0,4,1,6,2,?,3,3,3,4,4,?,3,4,3,4,3,4,3,3,?,2,2,4,?,4,5,5,1,1,3,3,3,1,3,3,4,?,?,?,5,4,5,4,3,3,2,1,2,0
39,1,3,0,4,1,6,2,?,3,3,3,5,5,3,3,4,1,4,3,3,3,2,3,3,3,3,3,3,3,3,1,1,3,3,3,1,3,1,5,5,1,3,5,5,5,5,2,2,2,1,4,0
49,1,1,0,3,1,6,2,?,4,4,5,5,5,2,5,3,4,4,4,2,3,3,3,3,3,4,3,4,5,5,1,1,3,1,4,1,3,2,3,3,3,3,4,2,2,3,3,2,3,1,5,0
33,1,6,1,7,1,6,1,7,3,2,2,5,4,4,5,2,2,2,1,5,3,2,1,1,2,2,1,4,4,4,1,1,2,1,2,4,4,3,1,1,1,1,3,1,2,4,2,2,1,1,3,0
35,1,6,0,4,1,6,2,?,3,3,2,5,4,2,4,4,5,5,4,3,3,2,2,1,2,2,2,3,4,4,1,1,1,1,3,5,3,1,5,4,2,2,5,5,5,5,2,4,4,1,1,0
44,1,1,0,4,1,6,2,?,5,5,5,5,5,3,5,5,4,4,3,3,3,3,3,3,4,4,3,4,4,5,3,1,3,3,4,3,3,3,5,3,3,3,3,3,5,3,5,5,5,1,3,0
45,1,1,0,20,1,6,1,6,3,3,3,5,5,3,4,5,5,5,5,?,5,3,3,3,3,5,3,5,5,5,1,1,4,5,5,5,3,1,5,3,4,3,5,5,5,5,3,5,5,1,5,0
43,1,1,0,0,1,6,2,?,2,2,3,3,?,2,2,2,3,3,3,4,3,2,3,3,2,2,3,3,2,2,1,3,2,3,2,2,3,4,4,3,3,4,3,3,3,4,3,3,3,3,4,0
35,1,1,0,3,1,6,2,?,2,?,4,4,4,3,4,3,4,4,3,3,4,4,4,4,3,3,2,4,4,4,4,1,4,3,4,5,5,1,4,4,3,4,4,3,?,4,4,4,4,5,1,1
29,1,6,0,1,1,6,2,?,5,1,5,5,5,5,3,3,4,5,4,4,5,1,3,3,3,4,3,5,5,5,5,4,5,5,5,3,5,5,4,4,5,5,5,5,5,5,5,5,5,1,2,0
35,1,6,0,4,1,6,1,6,4,4,4,5,?,4,4,4,4,4,4,3,4,2,3,3,4,4,5,5,4,5,2,2,4,4,4,4,5,3,5,5,4,4,5,5,5,5,4,4,5,2,3,0
41,1,4,0,3,1,6,2,?,5,3,5,5,5,5,3,5,3,3,2,4,4,3,3,4,4,4,1,5,5,5,4,3,4,3,3,5,5,5,5,5,3,4,5,5,2,2,4,4,4,3,5,1
48,1,1,1,21,1,6,2,?,2,2,2,3,3,4,4,4,2,2,3,4,3,3,3,1,1,3,2,5,5,5,1,1,3,2,2,5,5,5,5,4,3,3,3,4,3,4,3,3,2,1,4,0
35,1,6,0,2,1,6,2,?,4,4,4,5,4,4,4,5,3,4,2,4,2,4,4,2,2,2,2,4,5,5,1,1,2,2,4,3,2,2,5,5,3,3,5,5,2,5,2,2,4,1,5,0
48,1,1,1,3,1,6,2,?,3,3,4,3,3,1,2,2,3,3,2,3,3,3,2,3,3,3,2,3,3,3,3,4,3,2,3,1,1,1,4,?,3,3,?,3,4,3,3,4,4,1,2,0
37,1,1,0,6,1,6,1,6,3,3,3,5,5,?,4,4,4,4,4,2,3,?,?,2,3,?,?,5,5,4,2,1,3,?,5,1,2,1,4,?,3,3,4,4,3,3,4,4,4,1,4,0
33,1,6,0,6,1,6,1,7,3,4,4,5,5,5,3,5,2,3,2,3,1,3,4,1,2,4,4,5,5,5,2,1,3,5,3,2,2,4,3,4,3,2,4,4,2,5,2,4,5,3,3,1
36,1,5,0,11,1,6,1,6,3,3,3,3,3,3,3,3,3,3,3,4,4,3,3,1,3,4,3,3,3,3,1,1,1,1,3,1,2,2,3,2,2,2,3,3,4,4,1,1,1,1,1,0
40,1,5,0,10,1,6,2,?,4,4,4,5,5,3,5,4,3,3,3,3,2,4,4,4,4,4,4,5,5,5,3,3,4,4,5,4,4,4,5,4,4,5,4,4,5,4,4,4,4,3,5,0
31,1,3,1,7,1,6,2,?,3,4,4,5,5,?,5,5,4,4,5,3,4,?,?,2,3,4,3,4,4,5,3,1,3,4,3,1,4,2,4,4,4,3,3,3,4,5,3,5,5,1,1,0
53,1,6,0,3,1,6,2,?,3,3,3,4,4,4,4,4,2,3,2,3,3,3,3,2,2,3,2,4,4,4,1,1,2,2,3,3,2,2,4,4,3,3,4,4,3,3,2,2,3,1,2,0
31,1,3,1,6,1,6,2,?,1,1,3,5,4,3,1,2,3,3,2,3,3,3,3,1,1,2,2,2,5,5,1,2,2,2,1,1,4,3,5,4,2,2,3,2,3,5,3,3,3,2,3,0
38,1,1,0,15,1,6,1,7,3,3,2,5,5,4,4,4,4,4,4,3,2,3,4,1,2,4,2,4,4,4,?,?,1,1,2,1,1,1,3,4,2,3,4,4,2,2,2,?,?,?,4,0
33,1,2,1,10,1,6,2,?,5,5,4,5,5,5,5,5,3,3,3,3,2,2,3,1,1,4,2,4,5,5,1,1,1,1,2,3,3,2,5,5,4,4,3,2,2,4,3,3,3,2,4,0
31,1,5,1,5,1,6,1,5,3,3,3,3,3,3,4,4,2,2,3,3,3,3,3,3,2,2,2,3,3,3,3,3,3,3,2,3,1,1,3,3,3,?,3,3,?,1,?,3,3,3,1,0
33,1,3,1,8,1,6,1,5,2,3,3,5,4,3,3,5,4,4,4,5,4,3,4,3,3,4,3,4,3,5,2,1,2,2,4,2,4,2,4,3,3,3,4,3,3,5,3,4,4,1,3,0
45,1,2,0,3,1,6,2,?,4,4,4,4,4,3,4,4,4,4,4,2,4,4,3,1,3,3,4,4,4,4,?,?,3,1,4,1,2,1,?,?,?,?,?,?,?,?,?,?,?,?,?,0
34,1,6,1,6,1,6,2,?,2,4,3,4,5,3,5,3,4,5,4,3,5,3,2,2,1,2,?,5,5,4,2,2,3,3,3,3,4,3,5,?,3,?,5,?,?,?,5,5,5,1,4,0
31,1,6,0,7,1,6,1,6,5,4,4,5,5,4,5,4,4,4,3,2,3,3,3,1,1,2,2,4,4,5,2,2,4,2,4,4,4,4,4,4,3,4,5,3,4,5,4,3,5,1,2,0
33,1,1,0,2,1,6,2,?,2,2,2,5,5,?,3,2,3,3,2,4,2,2,?,1,3,2,2,3,2,2,2,1,2,2,4,2,3,1,4,4,2,2,4,3,5,5,4,3,5,1,3,0
47,1,1,0,15,1,6,2,?,3,3,4,4,4,3,4,4,3,4,4,3,4,4,3,3,3,4,4,4,4,4,2,2,4,4,4,1,1,1,4,4,4,4,4,4,4,4,3,4,4,1,4,0
28,1,3,0,3,1,6,2,?,4,4,3,3,4,4,4,3,3,3,3,4,4,4,4,4,3,3,3,5,5,5,5,4,3,3,?,4,2,3,5,5,5,?,5,4,5,4,4,4,2,4,3,1
37,1,1,0,2,1,6,2,?,2,2,5,5,5,2,3,?,5,4,4,?,4,2,4,?,2,4,3,3,5,5,1,1,1,1,?,1,1,1,5,4,2,2,4,4,4,3,1,1,5,1,4,0
35,1,6,0,5,1,6,2,?,4,4,4,4,4,3,4,4,3,4,3,4,4,3,3,3,4,3,3,4,4,4,3,3,4,4,3,2,4,2,4,4,4,4,4,3,3,3,3,3,2,2,3,0
47,1,6,0,3,1,6,1,6,3,2,3,4,4,3,2,3,3,3,2,2,3,3,3,2,2,4,3,4,4,4,2,2,2,2,3,2,2,3,3,2,2,2,3,3,2,2,2,3,3,1,3,0
35,1,1,0,2,1,6,2,?,5,5,5,5,5,5,5,5,5,5,5,3,5,3,3,5,5,3,3,5,5,5,3,1,5,5,5,5,5,3,3,3,5,5,5,5,3,3,5,5,5,1,5,0
44,1,3,0,15,1,6,2,?,2,2,2,4,2,2,1,2,1,1,1,5,1,2,2,1,2,2,2,3,1,4,1,1,1,1,4,1,1,1,5,3,3,3,5,5,5,5,1,3,3,1,1,0
35,1,6,0,2,1,6,2,?,4,4,4,4,4,4,4,4,4,4,3,3,3,3,4,2,2,3,3,4,4,5,2,2,3,3,4,4,4,3,3,3,3,4,5,3,3,?,3,3,3,2,2,0
27,1,1,1,1,1,6,1,6,2,2,4,3,3,?,2,3,2,2,2,2,2,2,3,2,2,4,4,4,3,3,2,1,2,3,3,2,2,4,3,2,2,2,2,2,3,3,4,4,4,1,2,0
54,1,3,0,2,1,6,2,?,3,2,3,4,4,3,4,4,2,3,2,3,3,3,3,3,2,3,4,4,4,4,3,1,4,4,3,2,2,2,5,4,3,3,3,3,4,3,4,4,4,2,3,0
39,1,6,0,1,1,6,2,?,5,5,5,5,5,3,5,5,3,4,4,3,4,3,3,2,3,3,3,5,5,5,1,1,3,3,5,2,3,2,4,4,4,4,5,5,5,3,4,4,4,1,1,0
30,1,6,0,2,1,6,2,?,2,2,2,2,2,2,2,2,2,2,2,2,3,2,2,3,2,2,3,2,2,2,3,3,3,3,2,3,3,3,3,3,3,3,3,3,3,3,3,3,3,3,4,1
42,1,5,1,13,1,6,1,7,2,1,2,5,4,?,4,3,3,2,3,5,2,?,?,1,2,4,2,4,4,3,1,1,1,1,2,1,3,1,5,5,2,2,?,?,?,?,4,4,4,1,1,0
35,1,6,1,3,1,6,1,5,4,4,4,5,5,3,4,4,4,4,4,3,3,3,3,1,3,5,3,5,5,5,2,1,1,1,4,1,2,2,5,5,3,3,5,4,4,4,2,2,5,1,1,0
36,1,3,0,1,1,6,2,?,4,3,3,5,4,3,5,5,3,3,2,4,3,4,3,2,2,3,3,5,5,5,2,1,3,3,4,1,2,1,5,5,3,3,4,5,5,4,2,4,4,1,2,0
32,1,6,0,10,1,6,1,4,4,3,3,5,3,3,4,3,3,3,?,5,3,3,?,1,2,5,3,5,3,4,1,3,1,1,5,3,4,3,3,3,3,2,3,1,3,1,1,3,4,2,2,0
48,1,3,0,1,1,6,2,?,5,5,5,4,4,4,4,4,4,4,4,4,4,4,4,3,4,4,4,4,4,4,2,2,3,3,4,2,2,2,5,5,5,5,4,4,4,4,2,2,2,3,2,0
30,1,6,0,4,1,6,1,7,2,2,2,4,4,2,3,3,3,3,2,2,2,2,2,2,2,2,2,5,5,5,2,1,2,2,3,2,?,3,3,2,3,3,5,5,5,5,4,3,4,2,3,1
35,1,2,0,10,1,6,2,?,4,4,4,4,4,3,5,2,4,4,4,2,4,4,3,2,3,4,4,2,4,4,3,4,4,4,4,4,5,1,5,4,4,4,5,2,4,5,3,4,5,1,5,0
47,1,1,0,9,1,6,1,7,3,3,3,5,4,?,4,4,3,3,3,3,2,?,?,1,2,2,2,5,5,5,1,1,3,3,3,1,1,?,5,5,3,3,5,5,5,5,2,2,2,1,1,0
44,1,4,0,?,1,6,2,?,5,4,5,5,4,4,5,5,4,4,3,3,3,3,4,2,4,3,3,5,5,5,3,3,3,3,3,4,5,4,5,?,3,3,5,3,5,4,3,3,2,3,3,0
31,1,1,1,4,1,6,2,?,3,3,3,5,5,3,4,4,2,?,3,3,3,3,3,1,2,3,3,3,3,5,1,1,2,1,3,1,1,2,4,4,2,2,3,2,2,2,2,3,3,1,3,0
43,1,5,0,10,1,6,1,7,2,2,4,5,5,3,5,4,4,4,4,4,4,3,3,1,3,4,4,5,5,5,2,2,4,4,4,1,1,1,3,3,4,3,4,3,3,2,1,4,4,1,1,0
41,1,6,1,3,1,6,1,7,2,2,2,4,4,3,3,3,3,3,2,3,3,3,3,1,3,3,4,4,4,4,2,2,2,2,2,2,4,2,4,4,3,3,4,4,4,4,2,2,2,1,2,0
38,1,1,0,1,1,6,2,?,2,2,3,5,5,3,3,3,3,3,3,3,2,?,?,1,1,4,2,5,5,5,2,1,1,1,2,1,3,1,5,5,2,2,4,3,4,4,2,2,2,1,4,0
40,1,1,1,9,1,6,1,2,3,3,4,5,5,3,3,4,3,3,3,3,3,3,3,2,2,3,3,5,5,5,3,3,3,3,4,1,3,3,3,3,4,4,5,5,3,5,3,3,3,1,1,0
27,1,6,0,4,1,6,1,7,1,1,1,5,5,5,1,5,3,2,3,2,4,1,5,1,1,4,1,5,5,5,3,1,1,1,1,3,4,3,5,5,1,1,4,3,4,2,3,3,3,1,1,0
49,1,1,0,0,1,6,1,3,2,2,3,4,3,3,2,3,2,2,2,2,2,2,2,1,2,2,2,5,5,5,1,1,2,2,3,1,3,3,3,3,2,2,3,4,5,5,2,2,2,2,2,0
23,1,1,0,?,1,6,2,?,2,2,2,4,4,3,4,3,3,4,3,4,2,2,3,1,2,3,2,5,3,5,1,1,1,2,2,1,3,1,3,3,2,2,5,5,5,5,2,2,4,1,1,0
40,1,5,0,1,1,6,2,?,3,3,3,4,3,3,4,?,4,4,4,2,3,3,3,2,3,4,3,3,4,4,1,1,3,3,3,1,3,1,?,?,3,4,4,4,3,3,3,3,3,1,2,0
63,1,6,1,36,1,6,1,2,4,4,4,4,4,3,4,4,4,4,3,2,3,3,3,3,3,3,3,4,4,4,1,1,4,4,4,1,2,1,3,3,3,3,3,3,3,3,3,3,4,1,1,0
56,1,3,1,16,1,6,2,?,2,2,3,4,2,3,4,4,2,2,2,4,2,3,3,2,2,4,3,4,4,4,2,1,2,2,?,1,3,1,5,4,3,3,4,3,4,4,4,4,4,1,1,0
60,1,3,0,4,1,6,2,?,2,2,2,5,2,2,5,3,1,1,1,5,1,?,?,2,?,?,2,?,3,3,?,?,2,2,3,2,2,2,?,?,?,?,?,?,?,?,?,?,?,?,?,?
50,1,6,1,19,1,6,1,2,2,3,3,2,4,2,3,2,2,2,2,4,2,2,2,1,2,2,3,4,4,4,2,1,2,1,5,2,2,3,5,4,1,2,4,4,4,4,1,3,2,1,3,1
43,1,1,0,20,1,6,2,?,3,3,3,5,5,4,5,4,3,4,3,4,3,3,5,1,1,3,3,5,5,5,1,1,1,1,3,3,4,3,4,3,3,2,?,3,3,4,4,?,4,1,3,0
51,1,1,0,19,1,6,2,?,2,2,2,4,3,4,2,2,2,3,2,2,1,1,3,1,3,3,2,3,3,3,1,1,1,1,2,1,4,3,?,?,?,?,?,?,?,?,2,3,1,1,2,0
62,1,3,0,15,1,6,2,?,2,5,4,5,5,4,3,3,4,3,3,3,4,3,3,3,?,3,3,4,3,?,3,2,4,2,4,1,2,1,3,?,3,4,3,2,3,1,4,3,2,1,2,0
46,1,1,1,21,1,6,1,2,3,4,5,4,5,?,5,5,4,4,4,1,4,?,?,4,1,1,3,5,5,5,4,1,5,3,5,3,2,4,4,4,4,5,4,4,5,5,5,4,4,1,1,0
49,1,1,1,23,1,6,1,2,3,3,3,5,5,?,4,4,3,3,3,2,3,3,?,1,1,3,5,5,3,5,2,3,4,4,4,4,4,4,2,3,4,3,4,4,4,4,4,4,4,1,2,0
42,1,5,0,19,1,6,2,?,2,2,3,4,3,2,3,3,3,3,3,3,3,2,2,2,3,3,3,3,3,?,2,2,3,3,3,2,2,2,4,3,3,3,3,2,3,2,2,2,4,1,2,1
45,1,3,1,20,1,6,1,2,2,2,2,4,2,1,2,2,3,3,3,2,2,2,1,1,2,2,2,2,?,2,1,1,1,1,2,1,1,1,3,3,2,2,2,2,2,2,2,3,4,1,1,0
41,0,2,1,3,2,?,?,7,3,3,4,4,3,3,4,4,4,4,3,4,4,3,3,4,4,4,2,4,4,4,3,2,4,4,4,2,3,2,4,4,4,4,4,4,4,2,4,4,4,2,2,0
52,0,6,1,30,2,?,?,1,3,2,3,4,4,2,4,4,4,3,3,2,3,2,3,1,2,4,3,4,4,5,1,1,4,3,1,1,4,2,4,2,2,1,1,2,2,2,1,3,4,1,1,0
43,1,6,0,17,2,?,?,6,4,3,3,3,4,4,3,4,3,3,3,3,4,3,4,2,2,4,2,5,5,5,3,2,3,2,4,3,4,4,5,3,3,3,3,2,2,4,4,4,4,2,4,0
62,0,2,1,22,2,?,?,6,2,3,3,3,4,4,5,5,4,4,3,3,4,3,?,1,1,1,2,5,5,5,1,2,5,3,5,1,2,?,4,1,5,5,4,1,4,4,2,4,3,1,1,0
44,1,1,1,20,2,?,?,2,3,3,3,4,4,?,4,4,3,3,3,3,3,3,3,1,2,2,2,3,4,3,?,1,3,3,3,1,2,3,2,2,3,3,5,4,5,4,3,3,3,1,1,0
41,1,1,1,11,2,?,?,4,4,4,3,5,5,5,5,5,4,4,4,5,3,3,4,3,3,3,4,5,5,5,3,3,3,3,4,3,4,5,5,3,3,3,3,3,3,3,3,4,4,1,1,0
37,1,4,1,6,2,?,?,4,4,4,5,5,5,3,4,5,4,5,4,1,4,?,5,3,5,5,5,5,4,5,4,1,1,1,5,2,3,3,3,3,3,5,4,4,4,4,5,5,5,2,1,0
46,1,1,1,20,2,?,?,2,3,3,4,4,4,?,?,4,2,2,3,4,2,?,?,1,2,3,3,4,5,5,1,2,2,2,3,1,3,4,4,4,2,2,4,3,4,4,2,3,3,1,3,0
43,0,3,1,15,2,?,?,2,3,2,3,5,4,3,4,4,3,3,2,5,3,2,3,1,2,5,4,5,5,5,1,1,2,2,3,1,1,1,5,5,2,2,3,3,3,2,2,4,4,1,4,0
28,0,4,1,1,2,?,?,4,4,4,3,5,5,5,4,3,3,3,4,4,4,3,3,1,2,3,4,4,5,4,3,3,1,1,3,2,4,5,4,2,3,3,3,1,1,1,3,3,3,3,3,0
25,0,1,0,1,2,?,?,6,3,3,3,5,4,3,4,4,4,3,3,4,4,3,3,1,2,4,3,5,5,4,1,1,3,3,4,2,4,3,4,3,3,3,4,4,4,4,1,4,4,1,1,0
29,1,4,0,2,2,?,?,6,4,5,3,5,5,?,5,4,4,4,3,3,3,2,?,1,1,4,2,5,5,5,2,1,3,2,4,1,3,3,4,4,2,2,2,4,4,2,4,5,4,1,1,0
61,0,3,1,37,2,?,?,2,3,4,4,5,5,?,4,4,3,4,3,4,3,3,?,1,2,4,3,5,5,5,1,1,1,1,4,1,1,1,4,2,1,1,1,1,1,1,1,3,3,1,1,0
65,0,6,1,43,2,?,?,?,3,4,5,5,4,5,5,5,4,4,4,2,4,4,4,1,5,5,5,4,5,5,1,1,4,4,5,4,?,4,5,1,4,2,1,1,?,5,4,4,4,1,4,1
53,0,3,1,12,2,?,?,7,3,2,3,4,3,3,3,3,2,3,2,5,3,3,3,1,1,3,1,4,2,5,1,1,1,1,2,3,4,2,4,3,2,2,2,4,4,4,1,1,1,1,1,0
49,0,1,1,18,2,?,?,4,3,3,4,5,4,3,4,4,3,3,2,3,3,3,2,3,2,2,3,2,4,4,2,1,4,4,4,1,1,1,2,1,3,4,3,3,3,1,4,4,4,1,1,0
35,1,6,1,8,2,?,?,4,1,1,2,5,3,?,4,3,3,3,3,3,3,1,2,1,1,2,1,3,5,4,1,1,1,1,1,4,4,3,2,3,1,1,3,3,1,2,2,3,2,1,2,0
35,0,6,0,7,2,?,?,7,4,1,5,5,4,3,5,4,4,5,4,2,5,2,3,1,2,1,4,5,2,4,3,1,1,1,4,3,4,5,1,1,2,1,3,1,1,5,5,5,5,1,5,0
44,0,2,0,3,2,?,?,7,4,4,4,5,5,4,4,4,4,4,4,3,4,4,3,3,3,3,3,5,4,5,4,4,4,3,5,4,5,3,?,2,5,5,5,5,5,5,4,4,4,3,4,0
31,1,6,1,7,2,?,?,7,2,2,2,5,5,4,4,5,4,4,3,4,4,?,2,1,1,2,?,4,4,5,1,1,2,?,3,1,3,4,3,1,2,2,4,4,4,1,3,3,4,2,2,0
37,1,4,1,5,2,?,?,7,2,3,4,5,5,5,4,4,4,4,4,2,4,3,3,2,4,5,4,5,3,4,3,1,3,3,4,1,5,2,4,3,3,4,4,4,4,3,4,4,5,1,1,0
31,1,5,0,4,2,?,?,6,3,3,1,5,4,3,4,4,3,4,4,3,1,3,3,1,1,1,2,3,4,4,1,1,1,2,1,1,3,1,4,5,2,1,3,3,3,3,1,2,4,1,1,0
60,0,2,1,35,2,?,?,1,4,5,5,5,5,4,5,4,4,4,3,1,2,?,?,5,2,4,3,4,2,4,4,1,4,5,5,1,1,3,4,?,5,5,?,?,?,?,5,5,5,2,1,0
33,1,6,1,5,2,?,?,4,4,2,3,3,5,4,2,5,2,5,3,4,3,4,2,1,3,2,3,5,5,5,1,2,2,4,3,4,4,4,3,3,3,3,3,3,3,3,?,4,1,1,?,0
48,0,6,1,19,2,?,?,1,3,2,3,4,4,3,4,1,3,3,3,5,2,1,3,1,1,4,4,4,3,5,1,1,2,2,2,2,2,2,4,4,1,2,5,3,5,4,3,3,4,1,1,0
46,0,2,1,15,2,?,?,2,3,3,5,5,4,3,4,4,3,3,3,4,3,?,4,3,3,2,3,4,3,4,2,2,4,2,4,2,2,1,2,?,3,3,2,2,2,2,3,5,5,1,1,0
53,0,5,1,26,2,?,?,1,2,3,3,4,4,2,5,5,4,4,3,5,2,2,3,1,2,4,4,5,4,5,1,1,2,2,3,1,1,2,4,4,2,2,?,3,4,2,2,4,4,1,2,0
47,0,6,0,20,2,?,?,7,5,4,5,5,5,4,3,5,4,4,3,3,4,4,3,3,4,4,5,5,5,5,4,4,5,5,5,4,5,3,4,3,5,5,4,4,3,4,4,4,5,1,4,0
31,0,6,1,1,2,?,?,?,4,5,4,5,5,5,5,5,5,5,5,1,5,5,4,5,2,2,3,4,4,5,4,4,5,5,3,1,3,1,4,2,5,5,5,5,5,5,5,5,5,2,5,1
36,0,4,1,10,2,?,?,2,4,4,5,5,4,3,4,4,4,4,4,4,4,3,3,3,4,4,4,5,4,5,4,2,4,4,4,1,2,2,4,4,4,4,4,4,3,3,4,5,5,1,2,0
25,1,1,0,3,2,?,?,?,3,3,3,5,5,3,4,5,3,2,3,4,2,1,2,1,2,2,3,4,3,5,1,1,2,4,4,1,2,2,3,3,2,2,1,4,2,2,3,4,3,1,1,0
24,1,6,0,2,2,?,?,7,3,3,3,5,5,5,3,2,3,4,4,3,3,4,2,1,1,2,2,3,4,4,3,3,1,1,3,1,3,1,3,3,3,2,4,2,2,4,2,3,3,1,1,0
45,0,1,1,18,2,?,?,7,3,3,3,3,3,3,2,3,3,3,2,5,3,3,3,1,3,3,3,3,3,5,1,1,1,1,3,3,3,1,3,2,2,2,3,3,3,3,2,3,3,1,3,0
33,1,1,1,3,2,?,?,7,2,2,3,4,4,?,3,3,3,4,3,3,3,3,?,1,2,2,3,4,5,5,2,1,3,3,2,1,2,1,3,2,2,2,3,3,4,4,2,4,4,1,1,0
54,1,6,1,30,2,?,?,1,3,3,3,4,4,5,3,3,2,2,2,2,3,3,4,1,2,4,3,3,4,5,1,1,1,1,3,1,1,3,5,3,2,2,2,1,2,2,2,2,1,1,2,0
29,0,4,0,5,2,?,?,?,4,4,5,5,5,4,4,4,5,5,5,3,5,2,2,2,3,4,4,5,5,5,4,2,4,4,5,3,4,3,3,2,4,4,4,4,4,5,5,5,5,4,5,0
62,0,6,1,37,2,?,?,2,5,5,5,4,4,3,5,3,4,4,4,5,4,3,3,2,3,3,3,4,4,5,2,3,4,3,5,1,2,1,3,1,3,3,5,5,5,5,4,5,5,1,3,0
29,0,4,0,1,2,?,?,5,3,3,4,5,4,3,4,3,3,3,2,3,2,2,3,5,2,4,4,5,5,5,1,3,4,4,3,2,3,2,2,3,4,4,4,5,4,4,3,4,4,1,2,0
28,0,3,1,4,2,?,?,7,2,2,3,5,3,4,5,5,4,4,2,4,3,3,3,1,3,4,3,5,5,4,3,1,3,3,3,4,2,4,4,3,2,2,3,5,4,3,3,5,5,3,1,0
58,0,3,1,31,2,?,?,7,3,4,3,4,3,2,4,4,2,3,3,4,3,3,3,2,2,3,3,2,3,4,2,1,3,3,3,1,1,1,4,3,3,3,4,4,4,4,2,2,2,1,1,0
62,1,6,1,22,2,?,?,2,4,3,4,5,5,3,4,4,4,4,4,2,4,3,3,2,3,4,4,4,4,4,1,1,2,2,4,1,1,1,4,3,3,3,4,4,4,4,4,3,4,1,1,1
37,1,2,1,15,2,?,?,2,4,3,4,4,5,3,4,4,2,3,3,4,3,2,2,1,2,3,2,3,?,5,1,1,1,1,3,1,1,1,2,2,2,2,3,3,4,4,3,3,1,1,1,0
60,1,3,1,20,2,?,?,2,3,3,3,5,5,4,4,4,3,3,3,4,3,3,4,1,3,4,4,4,4,4,2,1,2,2,4,1,1,1,2,1,2,4,3,3,2,1,1,4,4,1,1,0
45,0,6,1,25,2,?,?,2,5,5,5,5,5,5,5,5,5,5,4,2,4,?,?,4,?,5,?,5,5,5,4,2,3,3,5,1,2,4,1,1,3,3,1,2,4,4,5,5,5,2,1,1
45,1,5,1,20,2,?,?,4,4,2,3,5,4,3,4,4,4,4,3,2,4,3,3,3,2,4,4,4,4,4,2,2,3,3,3,1,1,4,2,3,3,4,4,4,5,4,3,4,3,1,1,0
36,0,5,1,14,2,?,?,2,4,4,4,5,4,5,4,4,4,4,3,5,4,2,2,1,3,4,3,5,5,5,1,2,5,2,4,3,1,1,3,1,4,4,3,3,1,1,3,5,5,4,4,0
38,0,6,1,15,2,?,?,2,4,4,3,4,4,?,5,5,4,4,3,5,4,1,?,1,3,4,2,5,5,5,2,1,2,2,5,3,3,5,2,1,1,2,2,1,2,3,3,4,5,1,1,0
30,1,6,0,5,2,?,?,7,2,2,2,5,5,?,2,2,2,3,4,1,2,2,?,1,3,5,3,5,5,5,1,1,1,1,2,1,2,2,4,?,2,2,2,2,2,2,2,2,2,1,1,0
45,0,6,0,15,2,?,?,7,3,3,4,4,4,2,4,4,4,4,4,2,3,3,3,2,3,2,3,4,5,5,2,2,2,2,4,3,4,2,3,3,2,2,2,2,2,2,4,4,4,2,2,0
28,1,3,0,1,2,?,?,7,4,4,3,5,5,3,5,5,3,4,3,3,3,3,3,3,2,2,2,4,5,5,1,3,4,4,4,2,2,3,3,3,4,4,4,4,4,4,3,4,4,1,3,0
45,1,6,1,11,2,?,?,2,5,5,5,5,5,3,5,5,5,5,5,1,5,3,3,1,3,2,3,5,5,5,5,2,5,4,5,2,1,5,3,1,3,3,5,5,5,5,5,5,5,2,5,0
48,1,6,1,5,2,?,?,6,3,3,3,5,4,3,5,2,3,4,1,4,2,3,3,1,1,5,3,5,5,5,2,2,2,2,4,1,2,2,2,2,2,2,4,4,3,4,4,5,4,1,1,0
48,0,4,0,24,2,?,?,7,1,4,4,5,4,4,2,5,4,4,3,4,5,5,5,2,4,5,4,5,5,5,4,1,4,4,4,1,1,3,5,4,4,4,5,3,5,5,5,5,5,2,5,0
26,1,6,0,1,2,?,?,5,1,2,3,5,4,3,4,5,3,4,2,5,3,2,2,1,2,3,2,4,4,4,2,1,2,2,2,1,3,3,3,3,2,2,5,4,3,5,2,4,5,1,1,0
48,1,1,1,22,2,?,?,2,3,3,3,5,5,4,2,3,3,4,3,2,3,2,4,1,1,3,1,3,4,5,2,1,1,1,2,1,4,2,3,4,2,3,4,1,2,3,3,4,4,1,1,0
37,0,2,0,12,2,?,?,7,5,5,5,4,4,3,5,5,3,4,4,4,5,1,2,1,5,5,5,5,5,5,3,4,5,5,5,5,5,5,3,1,5,5,2,2,1,1,4,5,5,4,5,?
51,0,6,1,25,2,?,?,2,3,3,4,4,3,2,3,3,4,5,2,3,3,4,5,2,1,2,1,5,5,5,3,1,5,4,5,1,5,5,5,5,3,3,4,3,5,3,3,5,5,1,5,1
60,0,3,1,37,2,?,?,1,3,3,4,4,4,3,4,4,3,4,3,3,2,2,2,2,3,4,4,4,3,3,3,1,1,1,3,1,1,1,4,4,3,3,4,2,2,1,3,4,4,1,3,1
53,0,4,1,25,2,?,?,2,5,5,5,5,5,5,5,5,5,5,4,2,5,5,5,5,3,3,5,5,5,5,5,3,5,5,5,4,3,5,4,1,5,5,5,4,4,5,5,5,5,4,3,1
60,1,1,1,39,2,?,?,2,4,3,4,4,4,1,3,3,3,3,3,3,3,?,?,4,3,3,3,4,4,?,4,3,4,4,3,1,1,1,3,3,3,3,?,?,?,3,4,4,4,1,1,0
36,0,2,0,3,2,?,?,7,3,3,3,5,4,4,3,3,3,3,2,4,2,2,3,1,4,4,3,3,4,4,2,2,1,1,2,4,5,2,4,3,2,2,2,2,2,2,3,3,3,2,3,0
53,0,1,1,18,2,?,?,2,3,3,3,5,4,3,3,4,3,3,3,3,3,3,3,1,3,3,3,3,4,4,1,1,1,1,4,1,2,2,4,4,3,3,?,4,4,4,3,4,2,1,1,0
41,1,1,1,12,2,?,?,4,2,2,?,5,3,3,4,4,2,2,2,4,2,2,1,1,1,3,1,4,5,5,1,1,1,1,1,3,4,4,4,3,1,1,1,2,1,1,1,1,3,2,3,0
27,1,6,0,1,2,?,?,5,3,4,5,5,5,3,5,4,4,5,4,4,4,3,2,5,2,3,3,5,5,5,5,3,5,4,5,3,5,4,2,2,5,5,5,5,5,5,5,5,5,3,5,1
46,0,6,1,20,2,?,?,2,3,3,3,5,4,3,4,4,3,3,2,4,2,3,2,1,2,2,1,4,5,5,2,2,2,1,3,1,1,2,4,1,2,3,4,4,4,5,5,5,5,1,3,0
51,1,1,0,20,2,?,?,7,4,4,5,5,5,3,3,3,4,4,4,4,4,3,3,1,2,3,?,5,5,5,2,1,3,?,4,1,3,1,3,2,3,4,3,3,2,2,3,5,5,1,1,0
29,1,6,0,5,2,?,?,5,2,2,3,4,4,4,2,3,3,3,2,2,3,4,3,1,2,4,2,4,4,4,1,1,2,3,2,2,4,4,2,3,2,2,5,3,3,5,3,3,5,1,2,0
59,1,6,1,20,2,?,?,6,3,3,3,5,4,3,3,3,4,4,4,4,3,4,?,1,?,4,?,5,5,5,1,3,1,2,4,3,2,4,5,3,2,2,2,2,?,?,2,2,5,4,2,0
58,0,6,0,5,2,?,?,7,3,1,2,4,3,5,3,3,1,2,2,5,3,1,5,1,2,5,3,5,5,4,1,1,2,1,2,3,1,4,2,2,1,1,1,1,1,1,2,3,4,4,4,1
61,1,2,1,?,2,?,?,2,3,4,4,5,4,?,4,4,4,4,4,?,?,?,?,1,2,4,2,4,5,5,2,1,3,3,4,1,2,4,4,?,?,?,4,?,4,?,4,4,4,1,1,0
41,1,2,1,15,2,?,?,2,4,4,4,4,4,4,4,4,4,4,4,2,4,3,3,3,3,3,3,3,3,2,2,3,4,4,3,4,4,3,3,3,3,3,3,3,3,3,4,4,4,1,3,0
62,0,3,1,30,2,?,?,7,4,3,4,5,3,?,?,4,2,2,2,4,3,4,?,2,2,3,?,5,4,3,2,1,2,2,4,2,1,2,?,?,?,?,5,4,4,3,2,3,3,1,1,0
33,0,4,1,7,2,?,?,4,3,3,4,5,4,?,5,4,4,4,3,4,5,?,?,1,4,5,5,4,5,5,5,1,4,2,5,1,3,3,4,4,5,4,4,4,4,4,5,5,2,1,1,0
44,0,2,1,20,2,?,?,1,3,3,4,4,4,2,4,4,3,4,3,2,3,2,2,2,2,4,3,4,2,4,3,1,3,3,3,2,1,3,4,3,3,3,3,3,3,2,4,4,4,1,1,0
47,1,6,1,18,2,?,?,1,5,5,5,5,5,3,5,5,4,3,3,2,3,3,3,2,3,3,3,3,3,3,?,?,5,5,5,1,2,1,?,?,?,?,?,?,?,?,?,?,?,?,?,0
23,0,3,0,1,2,?,?,7,4,4,4,4,3,4,4,4,3,3,3,3,3,3,3,1,3,3,3,5,4,4,2,2,4,4,3,3,3,3,3,2,3,3,3,2,3,2,3,4,4,3,1,1
39,1,6,1,13,2,?,?,2,1,4,4,4,4,1,4,4,4,4,4,5,4,1,2,4,2,2,1,5,5,5,2,1,3,3,5,5,5,5,3,3,3,4,1,1,1,1,4,4,4,1,2,0
48,1,6,1,21,2,?,?,6,2,2,3,5,3,?,1,2,3,3,3,3,2,?,?,1,2,3,2,5,5,5,1,1,1,1,3,1,3,1,3,3,1,1,4,4,3,1,1,3,1,1,1,0
40,1,3,1,12,2,?,?,2,1,1,2,4,4,3,1,3,2,2,2,4,2,3,3,1,1,3,?,2,4,3,1,1,1,1,1,1,2,1,3,3,1,1,3,3,2,1,1,1,3,1,1,0
35,1,3,0,3,2,?,?,7,3,3,2,5,3,3,1,2,3,3,3,3,3,3,3,1,3,3,3,3,3,3,1,1,1,1,3,2,3,1,3,3,1,1,1,1,1,1,2,1,2,1,1,0
26,0,4,0,1,2,?,?,6,4,4,4,5,5,4,5,5,4,5,2,5,4,5,2,1,2,4,5,5,3,5,5,5,4,5,5,3,4,1,5,3,5,5,4,5,2,4,5,5,5,4,5,1
33,0,1,0,2,2,?,?,7,1,1,2,4,3,4,3,2,1,1,2,5,1,2,2,1,3,2,1,4,5,3,1,1,1,1,1,1,2,2,4,4,1,1,3,2,2,3,2,3,3,3,1,0
45,0,1,1,8,2,?,?,?,1,1,1,5,5,4,2,1,1,3,1,1,1,1,1,1,2,2,2,3,1,1,1,1,1,1,1,1,5,1,3,1,1,1,1,1,1,1,1,2,3,1,1,0
47,0,2,1,25,2,?,?,2,4,4,4,5,5,?,5,5,4,4,4,4,4,5,3,1,4,5,3,5,4,5,3,4,4,4,5,5,4,2,5,4,5,5,5,5,5,5,4,5,5,1,1,0
35,1,6,1,11,2,?,?,7,2,2,3,4,3,3,4,4,2,1,1,5,3,2,2,1,3,4,4,5,5,5,2,1,2,1,2,2,1,4,3,2,2,1,4,2,2,3,2,4,4,1,5,0
26,1,5,0,4,2,?,?,6,3,2,3,5,4,4,4,4,3,4,2,5,2,2,3,1,1,2,1,3,3,3,1,1,1,1,2,1,3,1,2,2,1,2,2,2,2,3,1,2,3,1,1,0
49,0,6,1,15,2,?,?,2,4,4,5,5,4,3,5,?,4,5,4,?,4,2,2,5,3,2,3,5,5,5,3,2,5,5,5,5,5,5,4,2,5,5,4,2,4,5,4,5,4,2,1,1
29,0,4,0,5,2,?,?,5,4,3,4,5,4,3,5,4,4,4,3,3,4,3,3,1,4,4,5,5,3,4,3,1,4,4,4,1,1,2,2,4,4,3,3,3,3,2,4,4,5,1,1,0
59,0,2,1,35,2,?,?,2,4,4,5,5,5,5,4,3,3,3,3,2,4,4,5,1,3,3,4,5,5,5,1,3,?,4,5,1,1,4,5,?,4,4,4,3,2,3,4,4,5,5,1,0
26,0,1,0,2,2,?,?,5,2,4,3,5,5,4,5,5,3,4,3,5,2,3,3,1,1,5,4,5,5,5,2,1,4,4,3,4,5,5,2,1,3,4,4,4,4,3,3,3,5,1,2,1
58,0,6,0,10,2,?,?,7,3,3,3,5,5,4,4,3,4,4,4,3,3,3,3,3,4,4,2,3,3,5,3,2,3,3,2,2,4,3,5,4,4,4,3,4,4,3,4,5,5,3,2,0
36,0,6,0,1,2,?,?,4,3,3,5,5,5,4,5,3,5,4,4,1,4,2,3,2,2,4,3,4,4,5,4,2,4,4,4,1,4,4,4,4,5,5,3,3,3,3,4,5,5,1,1,0
41,1,3,1,15,2,?,?,2,3,4,4,5,4,?,4,4,4,3,4,2,3,3,?,1,1,1,3,4,4,4,3,2,2,1,3,1,1,1,3,1,2,1,4,?,5,5,1,4,5,1,3,0
29,0,4,0,3,2,?,?,5,4,4,4,5,2,3,5,4,3,4,4,5,4,4,3,2,1,2,2,5,5,5,3,4,4,3,4,2,5,4,5,3,4,5,3,4,2,5,3,5,4,2,2,0
43,1,6,1,20,2,?,?,2,2,2,2,5,4,3,3,3,2,2,2,4,2,2,3,1,1,3,1,3,3,3,1,1,1,1,2,1,2,3,3,3,1,1,1,1,1,1,1,1,1,1,1,0
52,0,4,1,15,2,?,?,2,5,5,5,5,5,4,5,5,4,5,4,2,4,3,4,4,4,4,4,5,5,5,4,2,5,3,5,2,2,3,2,2,4,4,3,3,3,3,4,5,5,2,5,1
36,0,3,1,2,2,?,?,7,5,5,5,5,5,4,5,5,3,4,3,4,4,3,3,5,2,4,5,5,5,5,5,3,5,4,5,1,?,1,2,2,4,5,5,3,2,4,4,5,2,1,1,0
27,0,2,0,0,2,?,?,4,5,5,5,5,5,4,5,5,5,5,5,1,5,4,4,3,5,4,4,5,5,5,5,5,5,5,5,3,4,2,2,3,5,5,5,3,5,5,5,5,5,2,5,1
50,0,3,1,12,2,?,?,2,3,3,3,4,4,?,3,4,4,4,4,3,?,?,?,2,?,3,4,4,3,4,3,1,?,?,5,1,1,1,4,4,?,?,?,4,?,?,3,3,3,1,2,0
58,0,6,1,20,2,?,?,3,2,3,3,4,4,4,4,4,2,2,2,3,2,2,2,2,2,2,2,3,4,4,2,1,2,2,3,2,2,2,4,3,2,2,3,4,4,3,3,3,3,1,2,0
47,0,6,1,20,2,?,?,2,4,4,5,5,4,4,4,5,4,3,3,4,2,4,3,1,1,1,3,?,5,5,2,1,4,4,5,1,5,5,4,4,4,4,4,4,5,5,5,5,5,1,1,0
34,1,6,1,10,2,?,?,4,3,4,4,5,4,4,4,4,3,4,1,3,3,2,4,1,3,4,4,5,5,5,3,1,1,2,3,1,3,1,2,1,1,1,5,5,3,4,4,4,5,1,1,0
59,0,6,0,24,2,?,?,7,2,2,2,4,3,4,4,4,3,3,2,4,3,2,3,2,2,4,2,4,4,4,2,1,2,2,2,2,2,2,3,3,2,2,3,2,3,4,4,4,?,2,2,0
45,0,6,0,18,2,?,?,7,5,5,5,5,5,5,5,5,5,5,5,3,5,4,2,5,3,3,3,5,5,5,4,3,5,3,5,5,5,4,3,2,5,5,5,5,4,4,5,5,5,3,4,1
34,1,1,1,6,2,?,?,7,5,4,4,5,5,?,5,5,4,5,3,2,4,?,?,1,1,2,1,4,5,5,2,1,4,4,4,2,2,3,1,1,4,2,4,3,4,4,5,5,5,1,2,0
48,0,6,1,21,2,?,?,2,2,2,3,4,4,?,3,3,3,2,2,4,3,2,?,1,1,2,?,4,3,5,1,1,1,2,2,3,2,1,4,2,1,1,3,4,3,5,4,5,4,1,1,0
50,0,6,1,1,2,?,?,7,?,?,?,5,3,3,4,3,2,2,?,?,?,2,?,1,?,?,?,?,1,?,1,1,1,1,1,1,1,1,?,?,?,?,?,?,?,?,1,1,2,1,1,0
52,1,6,1,19,2,?,?,7,2,3,2,4,3,3,2,2,3,4,4,3,4,1,1,1,1,3,2,5,2,3,1,1,1,1,2,1,1,3,2,2,1,1,1,1,1,1,2,2,3,1,1,0
43,0,5,1,21,2,?,?,2,3,3,3,5,5,2,4,5,3,3,4,5,2,2,2,1,2,2,2,3,3,4,?,?,2,2,2,1,2,1,5,4,2,2,2,2,2,2,?,?,?,?,?,0
53,0,6,0,25,2,?,?,6,3,3,4,5,4,3,4,4,4,4,4,3,3,2,3,3,2,?,2,?,4,5,3,2,3,3,5,2,2,4,3,3,4,4,4,3,3,4,4,4,4,1,1,0
39,0,5,1,9,2,?,?,4,3,3,3,5,4,3,3,4,3,3,2,5,2,2,4,1,1,2,?,4,5,4,3,1,1,1,3,5,5,3,3,1,2,2,5,4,3,?,5,5,5,4,1,0
40,0,3,1,10,2,?,?,2,3,3,5,5,4,2,4,4,4,4,3,2,5,3,2,5,4,5,4,5,5,5,3,1,5,5,?,1,2,4,4,2,5,5,1,5,2,2,4,4,2,1,1,0
41,1,3,1,12,2,?,?,2,3,4,3,5,5,?,4,4,3,3,3,2,3,2,3,1,3,5,4,4,4,4,2,1,3,3,3,1,1,4,4,4,3,3,3,?,3,3,2,3,3,1,1,0
